1024 x 1024 sparse matrix, nnz = 6148
(5,352)	9.0
(5,354)	6.0
(6,350)	3.0
(8,358)	13.0
(11,342)	3.0
(11,358)	3.0
(12,358)	3.0
(14,358)	100.0
(15,343)	6.0
(15,357)	3.0
(16,343)	3.0
(16,349)	3.0
(16,387)	16.0
(16,389)	9.0
(16,395)	24.0
(16,396)	3.0
(16,397)	6.0
(16,399)	6.0
(16,404)	3.0
(17,349)	3.0
(17,357)	3.0
(17,386)	12.0
(17,388)	3.0
(17,390)	3.0
(18,338)	6.0
(18,343)	3.0
(18,358)	3.0
(18,386)	6.0
(18,405)	3.0
(19,343)	3.0
(19,345)	3.0
(19,358)	9.0
(19,386)	15.0
(19,389)	3.0
(19,390)	3.0
(20,341)	3.0
(20,342)	16.0
(20,344)	3.0
(20,358)	166.0
(20,384)	12.0
(20,386)	6.0
(20,409)	3.0
(21,340)	3.0
(21,341)	115.0
(21,347)	12.0
(21,359)	21.0
(21,382)	6.0
(21,383)	6.0
(21,388)	3.0
(21,389)	3.0
(22,337)	3.0
(22,338)	6.0
(22,341)	6.0
(22,348)	24.0
(22,349)	6.0
(22,359)	3.0
(22,388)	3.0
(22,412)	3.0
(23,341)	3.0
(23,368)	3.0
(23,379)	9.0
(23,380)	6.0
(24,337)	6.0
(24,341)	3.0
(24,366)	6.0
(24,367)	3.0
(24,370)	6.0
(25,341)	3.0
(25,351)	3.0
(25,354)	6.0
(25,355)	6.0
(25,366)	3.0
(25,372)	15.0
(25,373)	3.0
(25,374)	3.0
(25,411)	6.0
(25,412)	3.0
(26,336)	9.0
(26,341)	6.0
(26,352)	6.0
(26,361)	3.0
(26,373)	3.0
(26,386)	38.0
(26,403)	12.0
(27,335)	9.0
(27,341)	3.0
(27,354)	9.0
(27,358)	6.0
(27,359)	12.0
(27,402)	6.0
(27,415)	6.0
(28,335)	3.0
(28,356)	3.0
(28,359)	6.0
(28,362)	3.0
(28,363)	128.0
(28,364)	15.0
(28,386)	9.0
(28,401)	3.0
(29,334)	3.0
(29,340)	9.0
(29,360)	12.0
(29,383)	6.0
(29,384)	6.0
(29,385)	9.0
(29,388)	9.0
(29,399)	6.0
(29,416)	32.0
(29,467)	3.0
(30,334)	3.0
(30,339)	3.0
(30,396)	3.0
(30,397)	9.0
(30,398)	3.0
(30,416)	6.0
(31,334)	3.0
(31,339)	9.0
(31,346)	9.0
(31,347)	9.0
(31,353)	3.0
(31,366)	3.0
(31,382)	3.0
(31,416)	12.0
(31,466)	6.0
(32,334)	3.0
(32,338)	6.0
(32,339)	9.0
(32,342)	12.0
(32,343)	9.0
(32,344)	3.0
(32,381)	3.0
(32,437)	100.0
(33,334)	3.0
(33,337)	3.0
(33,339)	33.0
(33,353)	9.0
(33,361)	3.0
(33,374)	9.0
(33,415)	9.0
(34,333)	3.0
(34,353)	3.0
(34,370)	9.0
(34,379)	3.0
(34,416)	203.0
(34,465)	6.0
(35,339)	3.0
(35,352)	6.0
(35,381)	6.0
(35,382)	9.0
(35,383)	21.0
(35,439)	6.0
(35,463)	10.0
(35,465)	12.0
(36,333)	3.0
(36,334)	12.0
(36,339)	15.0
(36,383)	3.0
(36,442)	3.0
(36,465)	6.0
(37,334)	103.0
(37,335)	3.0
(37,339)	3.0
(37,340)	9.0
(37,351)	18.0
(37,358)	3.0
(37,390)	3.0
(37,443)	3.0
(37,462)	3.0
(38,335)	3.0
(38,340)	12.0
(38,356)	6.0
(38,364)	6.0
(38,384)	9.0
(38,415)	3.0
(38,446)	3.0
(38,462)	3.0
(38,464)	3.0
(39,335)	22.0
(39,340)	18.0
(39,347)	3.0
(39,351)	18.0
(39,384)	3.0
(39,416)	3.0
(40,336)	3.0
(40,340)	6.0
(40,344)	3.0
(40,385)	3.0
(41,336)	22.0
(41,337)	15.0
(41,340)	18.0
(41,353)	6.0
(41,354)	9.0
(41,360)	3.0
(41,385)	6.0
(41,392)	3.0
(41,416)	9.0
(42,337)	6.0
(42,340)	15.0
(42,348)	12.0
(42,353)	6.0
(42,385)	6.0
(42,393)	3.0
(42,417)	12.0
(42,463)	113.0
(43,337)	6.0
(43,340)	9.0
(43,341)	22.0
(43,347)	3.0
(43,385)	3.0
(43,402)	9.0
(43,463)	6.0
(44,337)	9.0
(44,341)	6.0
(44,345)	6.0
(44,346)	3.0
(44,385)	9.0
(44,398)	6.0
(44,400)	3.0
(44,401)	3.0
(44,404)	3.0
(44,405)	3.0
(45,337)	9.0
(45,341)	12.0
(45,342)	9.0
(45,347)	3.0
(45,349)	3.0
(45,357)	3.0
(45,385)	3.0
(45,395)	3.0
(45,407)	30.0
(45,444)	3.0
(45,462)	6.0
(46,337)	6.0
(46,338)	3.0
(46,339)	6.0
(46,340)	12.0
(46,341)	9.0
(46,352)	3.0
(46,356)	3.0
(47,338)	3.0
(47,339)	209.0
(47,340)	24.0
(47,347)	6.0
(47,387)	3.0
(47,390)	6.0
(47,391)	35.0
(47,393)	9.0
(47,408)	9.0
(47,416)	3.0
(48,340)	45.0
(48,347)	3.0
(48,387)	18.0
(48,392)	3.0
(48,393)	3.0
(48,408)	12.0
(48,413)	9.0
(49,341)	21.0
(49,383)	3.0
(49,384)	3.0
(49,386)	9.0
(49,387)	3.0
(49,408)	3.0
(49,420)	3.0
(49,422)	6.0
(49,441)	3.0
(50,337)	6.0
(50,342)	6.0
(50,347)	12.0
(50,383)	3.0
(50,386)	3.0
(50,411)	3.0
(50,412)	9.0
(50,464)	10.0
(51,342)	6.0
(51,347)	12.0
(51,355)	3.0
(51,356)	3.0
(51,357)	6.0
(51,359)	3.0
(51,383)	6.0
(51,386)	18.0
(51,410)	6.0
(51,411)	3.0
(51,417)	6.0
(51,418)	3.0
(51,419)	9.0
(51,427)	6.0
(52,341)	15.0
(52,422)	6.0
(52,424)	30.0
(52,465)	3.0
(53,327)	3.0
(53,341)	25.0
(53,346)	6.0
(53,385)	6.0
(53,404)	3.0
(53,411)	3.0
(53,413)	46.0
(53,414)	3.0
(53,416)	3.0
(53,424)	6.0
(53,427)	3.0
(53,437)	6.0
(54,327)	3.0
(54,328)	9.0
(54,341)	21.0
(54,344)	3.0
(54,345)	6.0
(54,353)	3.0
(54,384)	3.0
(54,437)	3.0
(54,465)	3.0
(55,341)	30.0
(55,346)	3.0
(55,378)	12.0
(55,394)	3.0
(55,403)	3.0
(55,421)	3.0
(56,328)	6.0
(56,341)	21.0
(56,342)	6.0
(56,343)	110.0
(56,378)	6.0
(56,382)	9.0
(56,383)	3.0
(56,389)	3.0
(56,394)	3.0
(56,396)	9.0
(56,397)	3.0
(56,398)	3.0
(56,414)	9.0
(56,415)	9.0
(56,430)	6.0
(57,341)	12.0
(57,342)	30.0
(57,348)	9.0
(57,376)	3.0
(57,380)	12.0
(57,381)	6.0
(57,386)	6.0
(57,398)	6.0
(57,413)	3.0
(57,430)	3.0
(57,466)	3.0
(58,342)	30.0
(58,344)	12.0
(58,346)	6.0
(58,360)	9.0
(58,373)	6.0
(58,375)	3.0
(58,378)	15.0
(58,379)	119.0
(58,380)	21.0
(58,395)	3.0
(58,431)	106.0
(59,329)	19.0
(59,342)	30.0
(59,346)	3.0
(59,352)	6.0
(59,361)	9.0
(59,373)	15.0
(59,377)	34.0
(59,378)	6.0
(59,384)	3.0
(59,386)	3.0
(59,413)	6.0
(59,432)	9.0
(59,464)	3.0
(60,329)	27.0
(60,342)	34.0
(60,353)	6.0
(60,362)	12.0
(60,370)	9.0
(60,374)	9.0
(60,375)	3.0
(60,376)	18.0
(60,377)	9.0
(60,380)	9.0
(60,381)	12.0
(60,382)	3.0
(60,386)	6.0
(60,387)	3.0
(60,391)	3.0
(60,393)	6.0
(60,395)	9.0
(60,423)	3.0
(60,433)	3.0
(61,329)	3.0
(61,330)	18.0
(61,343)	3.0
(61,363)	6.0
(61,370)	6.0
(61,378)	9.0
(61,413)	3.0
(61,433)	3.0
(61,439)	3.0
(62,330)	37.0
(62,342)	19.0
(62,343)	27.0
(62,361)	6.0
(62,368)	3.0
(62,370)	9.0
(62,373)	15.0
(62,374)	3.0
(62,441)	3.0
(62,443)	6.0
(62,452)	3.0
(62,467)	6.0
(63,330)	39.0
(63,337)	15.0
(63,338)	6.0
(63,342)	134.0
(63,359)	3.0
(63,367)	100.0
(63,368)	9.0
(63,371)	3.0
(63,380)	6.0
(63,399)	3.0
(63,406)	6.0
(63,435)	12.0
(63,436)	3.0
(63,452)	3.0
(64,330)	45.0
(64,331)	15.0
(64,333)	9.0
(64,334)	9.0
(64,335)	18.0
(64,336)	12.0
(64,337)	21.0
(64,339)	13.0
(64,340)	18.0
(64,341)	3.0
(64,342)	33.0
(64,354)	21.0
(64,355)	3.0
(64,358)	6.0
(64,368)	36.0
(64,436)	10.0
(64,437)	3.0
(64,438)	6.0
(64,444)	3.0
(64,447)	6.0
(64,460)	39.0
(65,329)	24.0
(65,330)	12.0
(65,331)	31.0
(65,332)	6.0
(65,343)	45.0
(65,344)	9.0
(65,345)	6.0
(65,346)	6.0
(65,349)	9.0
(65,350)	21.0
(65,351)	25.0
(65,355)	12.0
(65,356)	18.0
(65,367)	13.0
(65,441)	3.0
(65,458)	3.0
(65,459)	3.0
(65,465)	6.0
(66,326)	6.0
(66,327)	9.0
(66,328)	3.0
(66,346)	21.0
(66,347)	21.0
(66,366)	27.0
(66,413)	10.0
(66,427)	6.0
(66,442)	12.0
(66,443)	6.0
(66,448)	3.0
(66,451)	3.0
(66,452)	9.0
(66,458)	21.0
(67,326)	21.0
(67,352)	3.0
(67,356)	3.0
(67,357)	15.0
(67,363)	9.0
(67,365)	12.0
(67,367)	18.0
(67,379)	3.0
(67,413)	3.0
(67,447)	6.0
(67,454)	3.0
(67,456)	20.0
(67,457)	3.0
(67,468)	3.0
(68,293)	6.0
(68,296)	3.0
(68,325)	9.0
(68,368)	6.0
(68,450)	3.0
(68,453)	3.0
(68,454)	3.0
(68,467)	6.0
(68,476)	6.0
(68,479)	3.0
(69,292)	6.0
(69,298)	6.0
(69,325)	9.0
(69,358)	6.0
(69,359)	3.0
(69,360)	6.0
(69,361)	6.0
(69,368)	9.0
(69,435)	3.0
(69,449)	3.0
(69,468)	3.0
(69,475)	18.0
(69,481)	3.0
(70,324)	3.0
(70,356)	3.0
(70,395)	3.0
(70,403)	9.0
(70,449)	109.0
(70,468)	3.0
(70,469)	12.0
(70,471)	3.0
(71,289)	6.0
(71,301)	3.0
(71,302)	6.0
(71,323)	9.0
(71,358)	3.0
(71,371)	3.0
(71,381)	3.0
(71,384)	3.0
(71,392)	106.0
(71,393)	3.0
(71,404)	100.0
(71,408)	3.0
(71,416)	3.0
(71,430)	3.0
(71,473)	9.0
(72,323)	12.0
(72,358)	3.0
(72,370)	3.0
(72,474)	9.0
(72,483)	3.0
(73,322)	6.0
(73,358)	9.0
(73,372)	16.0
(73,374)	6.0
(73,410)	12.0
(73,474)	6.0
(73,475)	3.0
(73,482)	3.0
(73,483)	3.0
(73,484)	6.0
(73,485)	3.0
(73,486)	6.0
(73,487)	12.0
(74,304)	3.0
(74,321)	9.0
(74,357)	9.0
(74,375)	24.0
(74,450)	6.0
(74,474)	12.0
(74,475)	3.0
(74,488)	6.0
(75,320)	3.0
(75,321)	24.0
(75,357)	3.0
(75,360)	3.0
(75,473)	106.0
(76,320)	15.0
(76,355)	6.0
(76,356)	9.0
(76,412)	6.0
(76,416)	3.0
(76,435)	3.0
(76,448)	3.0
(76,449)	103.0
(76,489)	3.0
(76,490)	6.0
(77,306)	3.0
(77,320)	21.0
(77,355)	3.0
(77,356)	6.0
(77,357)	6.0
(77,438)	9.0
(77,491)	3.0
(77,492)	3.0
(77,497)	6.0
(77,502)	3.0
(78,290)	3.0
(78,293)	21.0
(78,294)	3.0
(78,296)	3.0
(78,298)	6.0
(78,299)	3.0
(78,315)	12.0
(78,316)	9.0
(78,355)	6.0
(78,358)	18.0
(78,359)	62.0
(78,370)	6.0
(78,425)	12.0
(78,493)	9.0
(78,497)	3.0
(79,287)	16.0
(79,289)	6.0
(79,307)	3.0
(79,308)	12.0
(79,309)	3.0
(79,310)	21.0
(79,311)	6.0
(79,312)	6.0
(79,313)	6.0
(79,314)	3.0
(79,315)	23.0
(79,319)	32.0
(79,359)	3.0
(79,360)	135.0
(79,361)	27.0
(79,362)	15.0
(79,368)	10.0
(79,370)	6.0
(79,419)	3.0
(79,494)	3.0
(80,290)	3.0
(80,306)	3.0
(80,355)	15.0
(80,358)	3.0
(80,359)	3.0
(80,363)	109.0
(80,364)	3.0
(80,365)	21.0
(80,366)	6.0
(80,422)	10.0
(80,442)	12.0
(80,470)	6.0
(80,496)	9.0
(81,319)	9.0
(81,355)	3.0
(81,360)	12.0
(81,366)	27.0
(81,367)	15.0
(81,414)	12.0
(81,443)	3.0
(81,470)	9.0
(81,497)	3.0
(81,498)	3.0
(82,292)	3.0
(82,318)	3.0
(82,319)	3.0
(82,364)	3.0
(82,368)	3.0
(82,369)	16.0
(83,292)	3.0
(83,354)	12.0
(83,366)	3.0
(83,370)	22.0
(83,378)	3.0
(83,407)	3.0
(83,466)	100.0
(83,468)	13.0
(83,476)	3.0
(83,499)	6.0
(83,506)	12.0
(84,317)	36.0
(84,319)	103.0
(84,354)	3.0
(84,371)	21.0
(84,383)	6.0
(84,415)	12.0
(84,463)	9.0
(84,498)	3.0
(84,503)	6.0
(84,507)	6.0
(85,294)	100.0
(85,316)	6.0
(85,319)	13.0
(85,354)	9.0
(85,371)	61.0
(85,405)	3.0
(85,415)	3.0
(85,416)	3.0
(85,498)	3.0
(85,507)	9.0
(85,508)	3.0
(85,510)	9.0
(86,353)	3.0
(86,372)	109.0
(86,373)	19.0
(86,379)	3.0
(86,392)	6.0
(86,499)	3.0
(86,505)	9.0
(86,512)	9.0
(86,513)	3.0
(87,373)	3.0
(87,374)	24.0
(87,454)	3.0
(87,507)	206.0
(87,517)	110.0
(88,315)	12.0
(88,329)	12.0
(88,330)	9.0
(88,352)	3.0
(88,374)	10.0
(88,375)	24.0
(88,414)	3.0
(88,439)	3.0
(88,500)	6.0
(88,507)	3.0
(88,517)	3.0
(89,314)	6.0
(89,315)	100.0
(89,317)	16.0
(89,319)	103.0
(89,326)	18.0
(89,328)	9.0
(89,351)	9.0
(89,375)	6.0
(89,376)	18.0
(89,392)	19.0
(89,452)	13.0
(89,508)	6.0
(90,314)	9.0
(90,315)	3.0
(90,316)	15.0
(90,317)	3.0
(90,318)	31.0
(90,319)	12.0
(90,322)	3.0
(90,350)	3.0
(90,377)	6.0
(90,395)	6.0
(90,413)	19.0
(90,471)	3.0
(90,502)	6.0
(90,515)	3.0
(91,299)	6.0
(91,313)	115.0
(91,314)	33.0
(91,323)	9.0
(91,324)	6.0
(91,412)	15.0
(91,516)	9.0
(91,525)	6.0
(92,308)	3.0
(92,311)	3.0
(92,313)	3.0
(92,322)	13.0
(92,323)	12.0
(92,349)	3.0
(92,378)	12.0
(92,390)	3.0
(92,411)	3.0
(92,511)	10.0
(92,512)	3.0
(92,515)	6.0
(93,292)	3.0
(93,298)	3.0
(93,306)	9.0
(93,307)	9.0
(93,321)	12.0
(93,323)	9.0
(93,348)	19.0
(93,379)	6.0
(93,410)	109.0
(93,515)	3.0
(94,296)	12.0
(94,303)	12.0
(94,304)	3.0
(94,305)	3.0
(94,306)	9.0
(94,319)	6.0
(94,323)	3.0
(94,396)	6.0
(94,409)	16.0
(94,460)	3.0
(94,528)	3.0
(95,304)	3.0
(95,316)	3.0
(95,317)	9.0
(95,324)	3.0
(95,381)	12.0
(95,389)	3.0
(95,409)	6.0
(96,302)	3.0
(96,303)	6.0
(96,325)	3.0
(96,382)	19.0
(96,409)	6.0
(96,447)	3.0
(96,529)	3.0
(97,290)	6.0
(97,313)	3.0
(97,326)	3.0
(97,345)	6.0
(97,383)	6.0
(97,384)	3.0
(97,388)	3.0
(97,409)	9.0
(97,446)	3.0
(97,513)	15.0
(98,313)	6.0
(98,326)	9.0
(98,344)	3.0
(98,345)	6.0
(98,384)	16.0
(98,385)	6.0
(98,400)	9.0
(98,408)	3.0
(98,409)	6.0
(98,445)	3.0
(98,463)	6.0
(98,502)	3.0
(98,530)	6.0
(98,547)	3.0
(99,385)	6.0
(99,386)	21.0
(99,411)	12.0
(99,433)	3.0
(99,445)	3.0
(99,502)	3.0
(99,517)	3.0
(99,518)	10.0
(99,519)	3.0
(99,531)	6.0
(100,302)	3.0
(100,343)	3.0
(100,344)	15.0
(100,386)	3.0
(100,387)	6.0
(100,388)	6.0
(100,408)	25.0
(100,410)	3.0
(100,423)	3.0
(100,424)	3.0
(100,425)	130.0
(100,427)	3.0
(100,428)	19.0
(100,429)	3.0
(100,431)	42.0
(100,441)	3.0
(100,466)	3.0
(100,503)	3.0
(100,512)	13.0
(100,531)	6.0
(101,3)	3.0
(101,303)	3.0
(101,343)	3.0
(101,389)	15.0
(101,407)	12.0
(101,413)	9.0
(101,414)	3.0
(101,415)	6.0
(101,421)	12.0
(101,443)	3.0
(101,444)	6.0
(101,466)	3.0
(101,511)	10.0
(101,521)	3.0
(101,532)	3.0
(101,546)	3.0
(102,302)	3.0
(102,303)	3.0
(102,389)	12.0
(102,390)	18.0
(102,400)	110.0
(102,442)	3.0
(102,493)	6.0
(102,510)	6.0
(102,511)	9.0
(102,522)	12.0
(102,532)	9.0
(103,301)	3.0
(103,307)	3.0
(103,343)	3.0
(103,392)	25.0
(103,442)	3.0
(103,484)	6.0
(103,485)	3.0
(103,509)	18.0
(103,523)	3.0
(103,546)	36.0
(104,301)	3.0
(104,308)	100.0
(104,314)	3.0
(104,327)	3.0
(104,343)	3.0
(104,392)	9.0
(104,401)	3.0
(104,402)	3.0
(104,403)	9.0
(104,481)	6.0
(104,482)	3.0
(104,486)	3.0
(104,487)	9.0
(104,488)	100.0
(104,497)	6.0
(104,498)	6.0
(104,500)	23.0
(104,546)	3.0
(104,547)	9.0
(105,309)	10.0
(105,314)	6.0
(105,326)	9.0
(105,342)	3.0
(105,395)	10.0
(105,403)	3.0
(105,467)	12.0
(105,469)	3.0
(105,504)	100.0
(105,505)	3.0
(105,534)	16.0
(105,546)	13.0
(106,342)	3.0
(106,397)	16.0
(106,398)	3.0
(106,399)	9.0
(106,400)	3.0
(106,401)	6.0
(106,403)	12.0
(106,440)	3.0
(106,472)	3.0
(106,481)	6.0
(106,502)	3.0
(106,503)	6.0
(106,504)	6.0
(107,302)	3.0
(107,309)	10.0
(107,314)	3.0
(107,323)	3.0
(107,342)	6.0
(107,403)	12.0
(107,404)	20.0
(107,439)	6.0
(107,463)	3.0
(107,466)	3.0
(107,473)	16.0
(107,479)	18.0
(107,482)	13.0
(107,483)	9.0
(107,507)	3.0
(107,534)	3.0
(107,535)	9.0
(107,547)	6.0
(108,302)	100.0
(108,310)	3.0
(108,314)	110.0
(108,337)	3.0
(108,338)	3.0
(108,341)	3.0
(108,404)	6.0
(108,438)	6.0
(108,439)	106.0
(108,442)	22.0
(108,444)	3.0
(108,445)	3.0
(108,484)	15.0
(108,485)	3.0
(108,507)	6.0
(108,529)	3.0
(108,530)	3.0
(109,303)	106.0
(109,310)	13.0
(109,314)	6.0
(109,336)	9.0
(109,386)	10.0
(109,404)	13.0
(109,436)	9.0
(109,449)	6.0
(109,462)	3.0
(109,487)	6.0
(110,298)	3.0
(110,303)	3.0
(110,319)	20.0
(110,320)	12.0
(110,335)	3.0
(110,336)	12.0
(110,386)	12.0
(110,404)	213.0
(110,407)	6.0
(110,455)	3.0
(110,456)	6.0
(110,490)	32.0
(110,532)	3.0
(110,538)	110.0
(111,311)	3.0
(111,314)	6.0
(111,319)	100.0
(111,339)	3.0
(111,404)	3.0
(111,409)	6.0
(111,411)	3.0
(111,452)	3.0
(111,454)	3.0
(111,461)	19.0
(111,491)	16.0
(112,296)	3.0
(112,297)	6.0
(112,303)	10.0
(112,311)	6.0
(112,318)	15.0
(112,333)	3.0
(112,404)	3.0
(112,411)	18.0
(112,412)	6.0
(112,418)	9.0
(112,419)	16.0
(112,432)	3.0
(112,460)	6.0
(112,494)	109.0
(112,495)	126.0
(112,508)	3.0
(112,510)	3.0
(112,534)	6.0
(112,541)	3.0
(113,6)	3.0
(113,8)	3.0
(113,298)	3.0
(113,303)	38.0
(113,315)	3.0
(113,317)	3.0
(113,332)	13.0
(113,341)	3.0
(113,405)	6.0
(113,406)	3.0
(113,412)	29.0
(113,413)	21.0
(113,415)	27.0
(113,416)	6.0
(113,419)	12.0
(113,420)	6.0
(113,463)	3.0
(113,496)	6.0
(113,535)	3.0
(114,303)	6.0
(114,311)	3.0
(114,315)	3.0
(114,316)	6.0
(114,330)	3.0
(114,331)	3.0
(114,339)	3.0
(114,400)	3.0
(114,420)	3.0
(114,432)	9.0
(114,458)	3.0
(114,535)	9.0
(114,537)	3.0
(115,300)	3.0
(115,304)	3.0
(115,311)	6.0
(115,315)	3.0
(115,316)	12.0
(115,329)	9.0
(115,333)	3.0
(115,406)	6.0
(115,420)	6.0
(115,421)	15.0
(115,431)	6.0
(115,460)	6.0
(115,535)	12.0
(115,538)	18.0
(116,300)	3.0
(116,315)	9.0
(116,328)	6.0
(116,349)	9.0
(116,407)	6.0
(116,421)	9.0
(116,429)	3.0
(116,430)	12.0
(116,459)	3.0
(116,502)	15.0
(116,534)	26.0
(116,539)	10.0
(117,304)	20.0
(117,311)	3.0
(117,315)	3.0
(117,319)	3.0
(117,320)	3.0
(117,333)	3.0
(117,339)	3.0
(117,408)	3.0
(117,427)	3.0
(117,428)	6.0
(117,467)	9.0
(117,502)	27.0
(117,503)	3.0
(117,571)	9.0
(118,312)	12.0
(118,313)	3.0
(118,315)	6.0
(118,338)	3.0
(118,408)	9.0
(118,422)	15.0
(118,455)	6.0
(118,503)	6.0
(118,541)	3.0
(118,570)	3.0
(119,313)	6.0
(119,336)	3.0
(119,341)	6.0
(119,408)	3.0
(119,425)	3.0
(119,426)	3.0
(119,513)	3.0
(119,514)	3.0
(119,534)	9.0
(119,570)	12.0
(120,313)	9.0
(120,315)	3.0
(120,316)	109.0
(120,332)	3.0
(120,334)	12.0
(120,383)	12.0
(120,409)	3.0
(120,424)	9.0
(120,457)	9.0
(120,468)	9.0
(120,506)	12.0
(120,578)	3.0
(121,310)	3.0
(121,312)	3.0
(121,313)	6.0
(121,314)	6.0
(121,315)	15.0
(121,328)	6.0
(121,332)	3.0
(121,352)	12.0
(121,409)	3.0
(121,423)	3.0
(121,469)	10.0
(121,508)	3.0
(121,515)	3.0
(121,534)	6.0
(121,569)	6.0
(122,15)	9.0
(122,308)	3.0
(122,309)	9.0
(122,310)	3.0
(122,311)	6.0
(122,314)	3.0
(122,327)	9.0
(122,340)	6.0
(122,353)	3.0
(122,409)	16.0
(122,410)	20.0
(122,422)	6.0
(122,426)	9.0
(122,470)	3.0
(122,535)	6.0
(122,577)	9.0
(123,15)	6.0
(123,314)	21.0
(123,354)	19.0
(123,355)	3.0
(123,358)	10.0
(123,363)	6.0
(123,369)	6.0
(123,371)	106.0
(123,373)	3.0
(123,379)	13.0
(123,380)	110.0
(123,381)	9.0
(123,383)	6.0
(123,410)	3.0
(123,422)	3.0
(123,428)	6.0
(123,454)	3.0
(123,511)	6.0
(124,191)	3.0
(124,291)	19.0
(124,305)	12.0
(124,314)	3.0
(124,332)	3.0
(124,384)	3.0
(124,410)	3.0
(124,421)	3.0
(124,426)	20.0
(124,428)	6.0
(124,454)	3.0
(124,512)	116.0
(124,513)	6.0
(124,517)	3.0
(124,518)	6.0
(125,189)	3.0
(125,340)	100.0
(125,381)	3.0
(125,384)	3.0
(125,385)	3.0
(125,411)	12.0
(125,428)	12.0
(125,962)	3.0
(125,964)	6.0
(126,311)	9.0
(126,312)	100.0
(126,313)	3.0
(126,314)	3.0
(126,317)	3.0
(126,319)	12.0
(126,322)	3.0
(126,385)	6.0
(126,411)	3.0
(126,419)	322.0
(126,426)	9.0
(126,429)	9.0
(126,471)	3.0
(126,519)	3.0
(126,558)	6.0
(126,576)	3.0
(126,944)	9.0
(126,945)	3.0
(126,949)	3.0
(127,332)	6.0
(127,385)	3.0
(127,426)	3.0
(127,430)	6.0
(127,453)	3.0
(127,516)	3.0
(127,521)	10.0
(127,522)	6.0
(127,523)	6.0
(127,524)	3.0
(127,555)	3.0
(127,557)	10.0
(127,943)	3.0
(127,965)	6.0
(127,967)	406.0
(128,191)	13.0
(128,314)	100.0
(128,380)	3.0
(128,385)	10.0
(128,414)	6.0
(128,430)	3.0
(128,453)	3.0
(128,473)	30.0
(128,517)	3.0
(128,518)	3.0
(128,524)	6.0
(128,556)	3.0
(128,557)	6.0
(128,619)	3.0
(128,620)	6.0
(128,957)	6.0
(128,958)	12.0
(128,968)	15.0
(129,13)	9.0
(129,305)	6.0
(129,380)	100.0
(129,391)	6.0
(129,416)	9.0
(129,475)	6.0
(129,523)	3.0
(129,556)	6.0
(129,969)	13.0
(130,191)	9.0
(130,305)	109.0
(130,315)	3.0
(130,331)	3.0
(130,379)	3.0
(130,457)	15.0
(130,497)	3.0
(130,498)	3.0
(130,521)	3.0
(130,529)	3.0
(130,530)	3.0
(130,531)	3.0
(130,532)	6.0
(130,533)	9.0
(130,534)	3.0
(130,535)	3.0
(130,543)	6.0
(130,970)	100.0
(131,186)	20.0
(131,191)	3.0
(131,298)	3.0
(131,386)	3.0
(131,500)	3.0
(131,538)	3.0
(131,553)	3.0
(131,561)	9.0
(131,562)	31.0
(131,563)	3.0
(131,564)	6.0
(131,571)	6.0
(131,572)	3.0
(131,573)	6.0
(132,386)	6.0
(132,419)	3.0
(132,433)	9.0
(132,453)	3.0
(132,478)	3.0
(132,506)	100.0
(132,507)	3.0
(132,538)	6.0
(132,540)	12.0
(132,543)	3.0
(132,556)	13.0
(132,557)	6.0
(132,565)	6.0
(132,567)	106.0
(132,574)	3.0
(132,576)	3.0
(132,636)	9.0
(132,957)	6.0
(132,972)	3.0
(133,285)	3.0
(133,296)	3.0
(133,306)	6.0
(133,339)	6.0
(133,387)	27.0
(133,427)	6.0
(133,434)	3.0
(133,452)	9.0
(133,457)	9.0
(133,511)	3.0
(133,541)	3.0
(133,542)	19.0
(133,543)	3.0
(133,555)	3.0
(133,576)	3.0
(133,577)	3.0
(133,603)	3.0
(133,634)	15.0
(133,635)	6.0
(134,15)	3.0
(134,192)	10.0
(134,306)	6.0
(134,315)	3.0
(134,339)	3.0
(134,389)	3.0
(134,435)	6.0
(134,452)	6.0
(134,512)	6.0
(134,517)	6.0
(134,543)	3.0
(134,544)	21.0
(134,554)	30.0
(134,555)	6.0
(134,627)	3.0
(134,638)	9.0
(134,957)	6.0
(134,969)	6.0
(134,972)	3.0
(135,314)	18.0
(135,339)	12.0
(135,389)	3.0
(135,390)	10.0
(135,513)	16.0
(135,517)	3.0
(135,528)	3.0
(135,544)	6.0
(135,545)	32.0
(135,546)	9.0
(135,547)	9.0
(135,579)	6.0
(136,391)	18.0
(136,392)	6.0
(136,422)	3.0
(136,423)	3.0
(136,452)	3.0
(136,516)	3.0
(136,547)	9.0
(136,548)	30.0
(136,549)	3.0
(136,550)	3.0
(136,602)	12.0
(136,627)	3.0
(136,638)	9.0
(136,957)	3.0
(137,17)	3.0
(137,295)	3.0
(137,373)	3.0
(137,393)	47.0
(137,394)	19.0
(137,396)	6.0
(137,423)	3.0
(137,451)	6.0
(137,514)	3.0
(137,515)	3.0
(137,528)	6.0
(137,549)	3.0
(137,606)	3.0
(137,956)	3.0
(137,969)	3.0
(138,17)	3.0
(138,278)	3.0
(138,394)	6.0
(138,398)	6.0
(138,424)	6.0
(138,425)	62.0
(138,437)	3.0
(138,450)	3.0
(138,457)	3.0
(138,576)	9.0
(138,583)	6.0
(138,597)	6.0
(138,599)	3.0
(138,958)	6.0
(139,314)	3.0
(139,337)	123.0
(139,372)	100.0
(139,398)	3.0
(139,400)	6.0
(139,437)	103.0
(139,593)	3.0
(139,594)	9.0
(139,595)	9.0
(139,643)	10.0
(139,938)	3.0
(139,939)	3.0
(139,941)	3.0
(139,977)	3.0
(140,207)	3.0
(140,314)	6.0
(140,438)	3.0
(140,512)	3.0
(140,644)	6.0
(140,936)	3.0
(140,937)	30.0
(140,939)	3.0
(140,947)	3.0
(140,948)	3.0
(140,956)	3.0
(140,971)	3.0
(140,978)	3.0
(141,315)	3.0
(141,418)	3.0
(141,443)	3.0
(141,540)	3.0
(141,589)	9.0
(141,590)	109.0
(141,591)	9.0
(141,910)	15.0
(141,911)	3.0
(141,912)	3.0
(141,933)	3.0
(141,940)	6.0
(141,944)	27.0
(141,954)	6.0
(141,972)	3.0
(141,978)	3.0
(142,310)	12.0
(142,315)	12.0
(142,371)	3.0
(142,401)	100.0
(142,402)	3.0
(142,403)	6.0
(142,439)	6.0
(142,527)	3.0
(142,532)	3.0
(142,536)	3.0
(142,586)	6.0
(142,587)	12.0
(142,588)	103.0
(142,645)	3.0
(142,647)	16.0
(142,907)	6.0
(142,908)	15.0
(142,909)	132.0
(142,914)	29.0
(142,915)	3.0
(142,916)	100.0
(142,929)	6.0
(142,934)	6.0
(142,950)	3.0
(142,952)	6.0
(143,16)	3.0
(143,315)	3.0
(143,400)	12.0
(143,431)	6.0
(143,439)	215.0
(143,450)	6.0
(143,452)	18.0
(143,510)	19.0
(143,546)	10.0
(143,550)	3.0
(143,627)	3.0
(143,629)	3.0
(143,630)	3.0
(143,648)	15.0
(143,649)	3.0
(143,650)	9.0
(143,905)	15.0
(143,906)	122.0
(143,918)	9.0
(143,927)	3.0
(143,928)	203.0
(143,930)	3.0
(143,931)	3.0
(143,951)	3.0
(143,979)	100.0
(144,17)	9.0
(144,400)	6.0
(144,432)	6.0
(144,440)	21.0
(144,441)	12.0
(144,510)	3.0
(144,529)	3.0
(144,651)	6.0
(144,652)	18.0
(144,899)	6.0
(144,901)	3.0
(144,902)	9.0
(144,918)	6.0
(144,920)	9.0
(144,921)	6.0
(144,931)	6.0
(144,933)	3.0
(145,138)	3.0
(145,311)	6.0
(145,315)	3.0
(145,369)	3.0
(145,432)	6.0
(145,442)	3.0
(145,545)	3.0
(145,549)	3.0
(145,551)	3.0
(145,653)	6.0
(145,898)	18.0
(145,901)	9.0
(145,916)	24.0
(145,925)	15.0
(145,926)	3.0
(145,927)	6.0
(145,931)	12.0
(145,940)	3.0
(146,136)	3.0
(146,140)	3.0
(146,141)	3.0
(146,146)	19.0
(146,147)	3.0
(146,315)	3.0
(146,326)	6.0
(146,336)	6.0
(146,399)	6.0
(146,403)	12.0
(146,433)	6.0
(146,544)	6.0
(146,551)	9.0
(146,552)	3.0
(146,655)	3.0
(146,877)	3.0
(146,880)	3.0
(146,881)	6.0
(146,902)	3.0
(146,912)	9.0
(146,931)	9.0
(146,933)	3.0
(147,126)	3.0
(147,129)	3.0
(147,133)	3.0
(147,148)	3.0
(147,433)	12.0
(147,445)	6.0
(147,451)	3.0
(147,487)	3.0
(147,553)	9.0
(147,657)	3.0
(147,686)	6.0
(147,878)	127.0
(147,879)	9.0
(147,882)	10.0
(147,883)	3.0
(147,922)	3.0
(147,923)	3.0
(147,930)	6.0
(147,933)	3.0
(148,312)	446.0
(148,336)	6.0
(148,403)	3.0
(148,433)	3.0
(148,434)	31.0
(148,553)	9.0
(148,554)	21.0
(148,616)	3.0
(148,658)	12.0
(148,659)	3.0
(148,660)	9.0
(148,884)	6.0
(148,886)	3.0
(148,894)	6.0
(148,898)	3.0
(148,899)	3.0
(148,902)	9.0
(148,906)	6.0
(148,907)	6.0
(148,920)	18.0
(148,933)	12.0
(149,149)	10.0
(149,312)	9.0
(149,383)	3.0
(149,435)	3.0
(149,451)	10.0
(149,555)	15.0
(149,659)	12.0
(149,660)	3.0
(149,663)	3.0
(149,664)	3.0
(149,667)	12.0
(149,876)	6.0
(149,886)	6.0
(149,887)	6.0
(149,888)	3.0
(149,893)	6.0
(149,894)	3.0
(149,896)	6.0
(149,901)	3.0
(149,902)	12.0
(149,919)	9.0
(149,933)	6.0
(149,940)	3.0
(150,208)	3.0
(150,278)	9.0
(150,313)	3.0
(150,403)	100.0
(150,435)	6.0
(150,446)	9.0
(150,546)	9.0
(150,556)	46.0
(150,557)	3.0
(150,595)	6.0
(150,669)	6.0
(150,671)	6.0
(150,877)	6.0
(150,882)	29.0
(150,883)	6.0
(150,890)	6.0
(150,891)	100.0
(150,893)	3.0
(150,894)	3.0
(150,895)	3.0
(150,902)	6.0
(150,928)	24.0
(150,934)	3.0
(150,939)	3.0
(151,199)	3.0
(151,203)	12.0
(151,226)	3.0
(151,278)	6.0
(151,324)	10.0
(151,335)	6.0
(151,436)	12.0
(151,446)	6.0
(151,447)	6.0
(151,448)	6.0
(151,450)	6.0
(151,545)	3.0
(151,548)	6.0
(151,559)	6.0
(151,658)	3.0
(151,675)	3.0
(151,681)	3.0
(151,875)	3.0
(151,883)	3.0
(151,884)	3.0
(151,885)	3.0
(151,890)	12.0
(151,891)	110.0
(151,894)	3.0
(151,902)	3.0
(151,915)	3.0
(151,916)	21.0
(151,917)	15.0
(151,934)	12.0
(152,18)	12.0
(152,29)	3.0
(152,206)	106.0
(152,207)	18.0
(152,226)	21.0
(152,227)	3.0
(152,246)	100.0
(152,313)	3.0
(152,397)	3.0
(152,405)	9.0
(152,406)	6.0
(152,436)	3.0
(152,449)	6.0
(152,489)	9.0
(152,508)	109.0
(152,542)	19.0
(152,548)	3.0
(152,554)	10.0
(152,629)	9.0
(152,658)	3.0
(152,675)	3.0
(152,676)	24.0
(152,682)	3.0
(152,865)	3.0
(152,873)	213.0
(152,879)	3.0
(152,885)	12.0
(152,886)	12.0
(152,887)	3.0
(152,895)	3.0
(152,902)	9.0
(152,914)	15.0
(153,29)	3.0
(153,199)	6.0
(153,230)	3.0
(153,323)	3.0
(153,335)	18.0
(153,397)	3.0
(153,407)	3.0
(153,408)	3.0
(153,409)	9.0
(153,452)	3.0
(153,544)	3.0
(153,557)	6.0
(153,560)	103.0
(153,599)	3.0
(153,630)	9.0
(153,685)	16.0
(153,865)	9.0
(153,872)	3.0
(153,873)	9.0
(153,881)	3.0
(153,886)	6.0
(153,887)	3.0
(153,903)	3.0
(153,912)	121.0
(153,921)	6.0
(153,935)	9.0
(153,987)	6.0
(154,318)	3.0
(154,335)	3.0
(154,396)	13.0
(154,410)	9.0
(154,411)	12.0
(154,557)	6.0
(154,562)	6.0
(154,600)	10.0
(154,601)	3.0
(154,686)	3.0
(154,864)	3.0
(154,870)	3.0
(154,871)	6.0
(154,872)	9.0
(154,882)	3.0
(154,890)	13.0
(154,903)	6.0
(154,912)	9.0
(155,204)	16.0
(155,209)	12.0
(155,321)	32.0
(155,408)	3.0
(155,414)	10.0
(155,415)	3.0
(155,437)	6.0
(155,451)	9.0
(155,541)	3.0
(155,543)	9.0
(155,563)	3.0
(155,564)	3.0
(155,601)	3.0
(155,656)	3.0
(155,657)	6.0
(155,665)	3.0
(155,681)	3.0
(155,682)	100.0
(155,732)	3.0
(155,869)	12.0
(155,872)	6.0
(155,889)	3.0
(155,892)	6.0
(155,903)	6.0
(155,911)	110.0
(155,936)	6.0
(155,987)	3.0
(156,20)	13.0
(156,279)	10.0
(156,407)	13.0
(156,416)	3.0
(156,417)	100.0
(156,452)	3.0
(156,525)	3.0
(156,541)	6.0
(156,542)	3.0
(156,562)	3.0
(156,631)	3.0
(156,867)	3.0
(156,873)	13.0
(156,893)	3.0
(156,911)	6.0
(156,937)	9.0
(157,20)	3.0
(157,26)	10.0
(157,154)	6.0
(157,168)	9.0
(157,229)	3.0
(157,420)	3.0
(157,438)	29.0
(157,439)	6.0
(157,443)	6.0
(157,452)	9.0
(157,540)	19.0
(157,566)	21.0
(157,656)	3.0
(157,677)	6.0
(157,722)	3.0
(157,738)	3.0
(157,860)	6.0
(157,861)	3.0
(157,862)	3.0
(157,863)	9.0
(157,864)	18.0
(157,865)	3.0
(157,866)	3.0
(157,894)	6.0
(157,903)	9.0
(157,926)	12.0
(158,173)	3.0
(158,202)	9.0
(158,210)	245.0
(158,358)	3.0
(158,423)	13.0
(158,441)	6.0
(158,525)	9.0
(158,540)	3.0
(158,543)	3.0
(158,544)	3.0
(158,566)	3.0
(158,570)	3.0
(158,571)	9.0
(158,632)	3.0
(158,670)	3.0
(158,678)	9.0
(158,683)	3.0
(158,854)	29.0
(158,855)	116.0
(158,858)	6.0
(158,860)	15.0
(158,861)	3.0
(158,865)	3.0
(158,874)	3.0
(158,894)	25.0
(158,926)	9.0
(158,948)	3.0
(159,193)	3.0
(159,211)	3.0
(159,314)	6.0
(159,400)	3.0
(159,442)	13.0
(159,454)	3.0
(159,540)	6.0
(159,542)	6.0
(159,568)	3.0
(159,656)	13.0
(159,690)	6.0
(159,746)	3.0
(159,847)	18.0
(159,848)	3.0
(159,849)	6.0
(159,850)	9.0
(159,851)	18.0
(159,852)	6.0
(159,853)	18.0
(159,854)	3.0
(159,857)	21.0
(159,859)	12.0
(159,864)	3.0
(159,874)	16.0
(159,875)	3.0
(159,903)	3.0
(159,926)	15.0
(159,938)	3.0
(160,29)	6.0
(160,201)	3.0
(160,314)	3.0
(160,407)	6.0
(160,448)	3.0
(160,457)	3.0
(160,522)	9.0
(160,527)	3.0
(160,528)	21.0
(160,529)	6.0
(160,536)	13.0
(160,538)	3.0
(160,539)	6.0
(160,540)	12.0
(160,541)	100.0
(160,570)	15.0
(160,571)	3.0
(160,692)	3.0
(160,693)	3.0
(160,841)	9.0
(160,842)	6.0
(160,843)	24.0
(160,844)	9.0
(160,845)	3.0
(160,846)	18.0
(160,857)	3.0
(160,874)	3.0
(160,875)	3.0
(160,903)	3.0
(160,938)	6.0
(160,945)	3.0
(161,22)	3.0
(161,30)	6.0
(161,179)	10.0
(161,314)	3.0
(161,353)	3.0
(161,355)	9.0
(161,455)	3.0
(161,456)	30.0
(161,535)	6.0
(161,536)	10.0
(161,571)	3.0
(161,588)	3.0
(161,589)	3.0
(161,655)	126.0
(161,689)	3.0
(161,690)	6.0
(161,752)	3.0
(161,753)	3.0
(161,837)	12.0
(161,838)	6.0
(161,839)	3.0
(161,840)	21.0
(161,843)	6.0
(161,855)	3.0
(161,864)	12.0
(161,875)	3.0
(161,895)	38.0
(161,903)	3.0
(161,911)	3.0
(161,926)	3.0
(161,938)	15.0
(161,939)	100.0
(161,945)	3.0
(161,972)	3.0
(162,348)	9.0
(162,351)	3.0
(162,406)	103.0
(162,520)	9.0
(162,531)	6.0
(162,532)	3.0
(162,533)	19.0
(162,578)	3.0
(162,580)	3.0
(162,581)	3.0
(162,723)	9.0
(162,753)	6.0
(162,836)	24.0
(162,843)	6.0
(162,854)	3.0
(162,855)	13.0
(162,876)	3.0
(162,902)	3.0
(162,910)	3.0
(162,925)	3.0
(162,939)	3.0
(162,947)	3.0
(163,21)	3.0
(163,31)	6.0
(163,197)	3.0
(163,202)	6.0
(163,251)	3.0
(163,346)	3.0
(163,394)	3.0
(163,457)	3.0
(163,458)	19.0
(163,520)	16.0
(163,537)	6.0
(163,573)	13.0
(163,582)	18.0
(163,583)	3.0
(163,678)	6.0
(163,697)	3.0
(163,698)	12.0
(163,701)	3.0
(163,702)	6.0
(163,705)	6.0
(163,706)	6.0
(163,708)	6.0
(163,709)	12.0
(163,723)	3.0
(163,835)	12.0
(163,852)	10.0
(163,853)	9.0
(163,862)	6.0
(163,896)	19.0
(163,902)	6.0
(163,939)	9.0
(164,17)	9.0
(164,20)	3.0
(164,21)	3.0
(164,22)	3.0
(164,23)	10.0
(164,202)	3.0
(164,204)	3.0
(164,459)	6.0
(164,500)	13.0
(164,502)	6.0
(164,518)	6.0
(164,551)	3.0
(164,573)	32.0
(164,699)	6.0
(164,704)	9.0
(164,705)	6.0
(164,755)	19.0
(164,757)	3.0
(164,834)	138.0
(164,851)	3.0
(164,868)	3.0
(164,896)	6.0
(164,910)	15.0
(164,925)	6.0
(165,24)	12.0
(165,116)	3.0
(165,205)	3.0
(165,277)	3.0
(165,428)	10.0
(165,460)	26.0
(165,461)	6.0
(165,574)	3.0
(165,632)	3.0
(165,724)	103.0
(165,753)	3.0
(165,759)	6.0
(165,832)	3.0
(165,834)	24.0
(165,843)	3.0
(165,878)	15.0
(165,897)	3.0
(165,902)	25.0
(165,941)	15.0
(166,25)	9.0
(166,335)	23.0
(166,342)	3.0
(166,347)	121.0
(166,409)	3.0
(166,429)	100.0
(166,444)	10.0
(166,461)	9.0
(166,465)	3.0
(166,468)	3.0
(166,533)	9.0
(166,575)	10.0
(166,588)	3.0
(166,589)	10.0
(166,654)	3.0
(166,751)	3.0
(166,764)	6.0
(166,832)	3.0
(166,849)	100.0
(166,868)	3.0
(166,896)	3.0
(166,897)	3.0
(166,898)	15.0
(166,910)	6.0
(166,941)	3.0
(166,950)	3.0
(167,27)	3.0
(167,196)	3.0
(167,277)	10.0
(167,319)	9.0
(167,335)	3.0
(167,430)	10.0
(167,431)	3.0
(167,462)	15.0
(167,463)	6.0
(167,464)	6.0
(167,472)	3.0
(167,473)	6.0
(167,495)	3.0
(167,497)	10.0
(167,505)	3.0
(167,514)	9.0
(167,575)	9.0
(167,589)	12.0
(167,590)	128.0
(167,654)	100.0
(167,675)	3.0
(167,700)	3.0
(167,725)	12.0
(167,726)	12.0
(167,748)	3.0
(167,766)	6.0
(167,833)	9.0
(167,862)	10.0
(167,898)	6.0
(167,902)	9.0
(167,909)	9.0
(167,971)	3.0
(168,158)	3.0
(168,211)	3.0
(168,335)	6.0
(168,346)	3.0
(168,406)	3.0
(168,434)	3.0
(168,464)	22.0
(168,465)	12.0
(168,466)	100.0
(168,513)	6.0
(168,576)	23.0
(168,726)	3.0
(168,748)	3.0
(168,842)	9.0
(168,844)	9.0
(168,865)	3.0
(168,879)	3.0
(168,898)	3.0
(168,899)	21.0
(168,901)	9.0
(168,902)	9.0
(168,908)	3.0
(168,924)	9.0
(168,942)	3.0
(168,971)	12.0
(168,981)	3.0
(168,992)	10.0
(169,28)	3.0
(169,227)	3.0
(169,436)	6.0
(169,467)	9.0
(169,475)	15.0
(169,577)	3.0
(169,675)	3.0
(169,702)	12.0
(169,726)	3.0
(169,748)	3.0
(169,837)	12.0
(169,861)	3.0
(169,879)	12.0
(169,880)	3.0
(169,899)	12.0
(169,969)	3.0
(169,970)	13.0
(169,993)	18.0
(170,213)	12.0
(170,233)	6.0
(170,318)	3.0
(170,332)	28.0
(170,391)	6.0
(170,468)	12.0
(170,703)	3.0
(170,827)	6.0
(170,828)	3.0
(170,829)	3.0
(170,830)	9.0
(170,845)	6.0
(170,861)	3.0
(170,899)	6.0
(170,991)	3.0
(171,159)	3.0
(171,318)	9.0
(171,325)	3.0
(171,338)	6.0
(171,342)	3.0
(171,468)	113.0
(171,476)	9.0
(171,477)	9.0
(171,495)	3.0
(171,554)	3.0
(171,577)	3.0
(171,682)	3.0
(171,805)	19.0
(171,806)	21.0
(171,807)	3.0
(171,808)	21.0
(171,809)	33.0
(171,810)	115.0
(171,811)	3.0
(171,812)	39.0
(171,825)	6.0
(171,826)	42.0
(171,827)	9.0
(171,830)	12.0
(171,864)	9.0
(171,869)	16.0
(171,880)	3.0
(171,900)	6.0
(171,902)	6.0
(171,922)	109.0
(171,943)	3.0
(171,995)	3.0
(171,996)	3.0
(171,999)	3.0
(171,1000)	3.0
(171,1002)	3.0
(172,159)	3.0
(172,469)	3.0
(172,475)	3.0
(172,478)	9.0
(172,531)	6.0
(172,577)	16.0
(172,579)	3.0
(172,617)	3.0
(172,628)	9.0
(172,704)	3.0
(172,805)	6.0
(172,812)	51.0
(172,820)	224.0
(172,821)	18.0
(172,822)	3.0
(172,823)	3.0
(172,824)	9.0
(172,838)	3.0
(172,869)	6.0
(172,880)	3.0
(172,901)	18.0
(172,902)	39.0
(172,912)	6.0
(172,919)	3.0
(172,943)	9.0
(172,953)	3.0
(172,997)	3.0
(172,998)	6.0
(172,1002)	229.0
(173,229)	3.0
(173,236)	12.0
(173,470)	9.0
(173,471)	3.0
(173,472)	9.0
(173,473)	20.0
(173,482)	33.0
(173,484)	9.0
(173,487)	3.0
(173,488)	3.0
(173,491)	9.0
(173,492)	6.0
(173,493)	10.0
(173,581)	3.0
(173,583)	13.0
(173,585)	41.0
(173,586)	12.0
(173,587)	3.0
(173,588)	3.0
(173,589)	18.0
(173,590)	16.0
(173,615)	3.0
(173,673)	3.0
(173,705)	16.0
(173,804)	12.0
(173,813)	21.0
(173,814)	18.0
(173,815)	18.0
(173,820)	9.0
(173,831)	3.0
(173,838)	6.0
(173,864)	3.0
(173,873)	3.0
(173,900)	3.0
(173,901)	3.0
(173,914)	3.0
(173,915)	6.0
(173,916)	6.0
(173,919)	3.0
(173,981)	3.0
(173,1003)	28.0
(174,33)	100.0
(174,191)	3.0
(174,192)	3.0
(174,277)	12.0
(174,316)	18.0
(174,329)	3.0
(174,331)	6.0
(174,334)	3.0
(174,344)	3.0
(174,431)	3.0
(174,432)	3.0
(174,487)	103.0
(174,530)	100.0
(174,727)	3.0
(174,756)	3.0
(174,800)	12.0
(174,801)	6.0
(174,802)	24.0
(174,803)	31.0
(174,816)	19.0
(174,817)	6.0
(174,818)	6.0
(174,819)	39.0
(174,820)	15.0
(174,837)	21.0
(174,838)	3.0
(174,840)	3.0
(174,841)	12.0
(174,842)	9.0
(174,844)	103.0
(174,845)	3.0
(174,864)	31.0
(174,869)	3.0
(174,900)	12.0
(174,930)	3.0
(174,933)	3.0
(174,943)	6.0
(174,976)	3.0
(174,985)	3.0
(174,986)	3.0
(174,1003)	3.0
(175,156)	3.0
(175,238)	3.0
(175,310)	9.0
(175,311)	19.0
(175,313)	3.0
(175,314)	6.0
(175,334)	9.0
(175,493)	6.0
(175,528)	18.0
(175,544)	3.0
(175,584)	3.0
(175,593)	3.0
(175,631)	26.0
(175,706)	6.0
(175,796)	127.0
(175,798)	3.0
(175,799)	12.0
(175,813)	6.0
(175,819)	10.0
(175,831)	3.0
(175,833)	6.0
(175,837)	3.0
(175,845)	106.0
(175,899)	3.0
(175,942)	3.0
(175,966)	6.0
(175,981)	6.0
(176,238)	6.0
(176,307)	3.0
(176,308)	9.0
(176,334)	115.0
(176,336)	3.0
(176,528)	21.0
(176,671)	3.0
(176,708)	3.0
(176,709)	3.0
(176,710)	12.0
(176,776)	6.0
(176,781)	3.0
(176,794)	12.0
(176,819)	9.0
(176,837)	9.0
(176,847)	3.0
(176,849)	12.0
(176,898)	3.0
(176,944)	12.0
(176,961)	3.0
(176,966)	3.0
(176,1005)	6.0
(176,1006)	3.0
(177,29)	3.0
(177,306)	6.0
(177,320)	3.0
(177,492)	16.0
(177,528)	3.0
(177,583)	3.0
(177,629)	3.0
(177,711)	6.0
(177,726)	3.0
(177,773)	3.0
(177,779)	3.0
(177,780)	3.0
(177,789)	9.0
(177,790)	3.0
(177,791)	115.0
(177,792)	9.0
(177,793)	6.0
(177,814)	15.0
(177,819)	6.0
(177,821)	6.0
(177,833)	3.0
(177,851)	18.0
(177,881)	3.0
(177,945)	12.0
(177,1006)	3.0
(178,30)	3.0
(178,202)	9.0
(178,277)	10.0
(178,334)	3.0
(178,528)	6.0
(178,596)	10.0
(178,629)	3.0
(178,633)	3.0
(178,723)	3.0
(178,725)	3.0
(178,749)	3.0
(178,781)	6.0
(178,814)	3.0
(178,818)	9.0
(178,822)	9.0
(178,836)	26.0
(178,852)	18.0
(178,900)	112.0
(178,901)	3.0
(178,903)	3.0
(178,927)	3.0
(178,946)	18.0
(179,30)	25.0
(179,277)	3.0
(179,334)	3.0
(179,579)	3.0
(179,596)	22.0
(179,597)	3.0
(179,600)	9.0
(179,629)	3.0
(179,713)	9.0
(179,722)	19.0
(179,723)	3.0
(179,725)	3.0
(179,748)	16.0
(179,766)	3.0
(179,776)	3.0
(179,782)	9.0
(179,783)	6.0
(179,785)	100.0
(179,786)	18.0
(179,817)	9.0
(179,831)	3.0
(179,836)	3.0
(179,901)	27.0
(179,903)	3.0
(179,904)	3.0
(179,954)	3.0
(179,961)	32.0
(179,964)	3.0
(180,31)	110.0
(180,334)	3.0
(180,492)	3.0
(180,528)	3.0
(180,536)	3.0
(180,597)	3.0
(180,669)	6.0
(180,713)	16.0
(180,716)	6.0
(180,717)	3.0
(180,726)	6.0
(180,727)	10.0
(180,815)	33.0
(180,822)	6.0
(180,831)	9.0
(180,832)	27.0
(180,833)	15.0
(180,834)	12.0
(180,835)	6.0
(180,836)	12.0
(180,844)	6.0
(180,901)	18.0
(180,904)	3.0
(180,905)	12.0
(180,949)	3.0
(180,950)	118.0
(180,1006)	3.0
(181,30)	3.0
(181,201)	3.0
(181,238)	3.0
(181,334)	6.0
(181,389)	3.0
(181,535)	10.0
(181,599)	3.0
(181,628)	6.0
(181,713)	6.0
(181,717)	9.0
(181,775)	18.0
(181,815)	3.0
(181,816)	9.0
(181,822)	15.0
(181,830)	9.0
(181,835)	33.0
(181,836)	57.0
(181,844)	9.0
(181,900)	3.0
(181,901)	24.0
(181,905)	9.0
(181,906)	3.0
(182,301)	16.0
(182,603)	3.0
(182,713)	9.0
(182,718)	3.0
(182,719)	6.0
(182,763)	3.0
(182,795)	6.0
(182,796)	3.0
(182,797)	12.0
(182,799)	3.0
(182,813)	6.0
(182,814)	6.0
(182,815)	3.0
(182,823)	12.0
(182,827)	9.0
(182,830)	6.0
(182,833)	3.0
(182,836)	55.0
(182,837)	6.0
(182,838)	3.0
(182,844)	3.0
(182,864)	106.0
(182,880)	9.0
(182,898)	3.0
(182,899)	3.0
(182,906)	6.0
(182,927)	3.0
(182,947)	3.0
(182,952)	3.0
(182,953)	3.0
(182,974)	6.0
(182,981)	3.0
(183,31)	9.0
(183,34)	6.0
(183,178)	6.0
(183,200)	3.0
(183,228)	3.0
(183,239)	6.0
(183,357)	10.0
(183,492)	25.0
(183,532)	16.0
(183,605)	3.0
(183,634)	3.0
(183,667)	6.0
(183,712)	127.0
(183,731)	12.0
(183,748)	3.0
(183,772)	23.0
(183,781)	6.0
(183,800)	15.0
(183,801)	3.0
(183,808)	9.0
(183,809)	33.0
(183,810)	3.0
(183,811)	9.0
(183,812)	121.0
(183,824)	12.0
(183,826)	6.0
(183,829)	9.0
(183,833)	3.0
(183,836)	3.0
(183,839)	103.0
(183,907)	21.0
(183,930)	3.0
(183,931)	3.0
(183,932)	3.0
(183,981)	3.0
(184,31)	212.0
(184,233)	12.0
(184,298)	3.0
(184,333)	9.0
(184,524)	10.0
(184,525)	3.0
(184,526)	9.0
(184,527)	3.0
(184,531)	3.0
(184,602)	3.0
(184,605)	3.0
(184,663)	123.0
(184,664)	3.0
(184,711)	12.0
(184,761)	3.0
(184,770)	3.0
(184,771)	3.0
(184,787)	37.0
(184,791)	3.0
(184,793)	3.0
(184,807)	15.0
(184,808)	3.0
(184,815)	24.0
(184,816)	6.0
(184,821)	3.0
(184,822)	106.0
(184,827)	6.0
(184,833)	103.0
(184,836)	109.0
(184,840)	6.0
(184,841)	12.0
(184,880)	9.0
(184,900)	6.0
(184,907)	12.0
(184,936)	3.0
(184,946)	3.0
(185,322)	6.0
(185,465)	3.0
(185,523)	3.0
(185,527)	6.0
(185,603)	3.0
(185,607)	24.0
(185,661)	103.0
(185,711)	116.0
(185,758)	106.0
(185,759)	18.0
(185,760)	3.0
(185,766)	6.0
(185,767)	6.0
(185,781)	3.0
(185,789)	3.0
(185,790)	3.0
(185,795)	9.0
(185,803)	26.0
(185,804)	3.0
(185,805)	28.0
(185,806)	3.0
(185,817)	3.0
(185,823)	9.0
(185,827)	6.0
(185,828)	45.0
(185,831)	9.0
(185,842)	6.0
(185,844)	3.0
(185,846)	3.0
(185,880)	3.0
(185,889)	3.0
(185,891)	6.0
(185,892)	3.0
(185,895)	6.0
(185,907)	15.0
(185,923)	3.0
(185,929)	3.0
(185,944)	6.0
(185,945)	12.0
(185,950)	10.0
(185,977)	100.0
(185,979)	3.0
(186,236)	3.0
(186,296)	3.0
(186,491)	3.0
(186,528)	6.0
(186,574)	16.0
(186,603)	3.0
(186,607)	21.0
(186,709)	15.0
(186,710)	6.0
(186,733)	3.0
(186,745)	16.0
(186,754)	3.0
(186,755)	3.0
(186,765)	9.0
(186,777)	9.0
(186,817)	12.0
(186,819)	3.0
(186,822)	3.0
(186,828)	18.0
(186,831)	10.0
(186,837)	9.0
(186,843)	3.0
(186,844)	3.0
(186,845)	46.0
(186,846)	12.0
(186,848)	103.0
(186,849)	27.0
(186,850)	3.0
(186,879)	3.0
(186,880)	13.0
(186,887)	3.0
(186,888)	3.0
(186,893)	6.0
(186,903)	10.0
(186,907)	6.0
(186,908)	3.0
(186,929)	3.0
(186,966)	6.0
(187,60)	186.0
(187,199)	3.0
(187,528)	3.0
(187,604)	6.0
(187,623)	6.0
(187,660)	3.0
(187,680)	3.0
(187,706)	3.0
(187,708)	3.0
(187,710)	3.0
(187,712)	3.0
(187,716)	3.0
(187,734)	3.0
(187,735)	3.0
(187,740)	3.0
(187,741)	3.0
(187,743)	6.0
(187,744)	9.0
(187,751)	3.0
(187,752)	3.0
(187,756)	15.0
(187,761)	3.0
(187,766)	3.0
(187,816)	6.0
(187,837)	24.0
(187,845)	3.0
(187,851)	3.0
(187,852)	10.0
(187,880)	3.0
(187,886)	6.0
(187,908)	13.0
(187,929)	18.0
(187,943)	6.0
(187,950)	6.0
(187,970)	3.0
(187,978)	3.0
(187,1005)	6.0
(188,30)	22.0
(188,231)	3.0
(188,334)	3.0
(188,490)	3.0
(188,521)	3.0
(188,529)	3.0
(188,605)	3.0
(188,641)	3.0
(188,717)	24.0
(188,735)	3.0
(188,736)	109.0
(188,737)	6.0
(188,738)	6.0
(188,739)	3.0
(188,750)	3.0
(188,759)	6.0
(188,765)	6.0
(188,767)	9.0
(188,816)	12.0
(188,828)	9.0
(188,844)	3.0
(188,845)	3.0
(188,854)	6.0
(188,866)	12.0
(188,867)	30.0
(188,880)	9.0
(188,886)	6.0
(188,903)	9.0
(188,914)	3.0
(188,930)	6.0
(188,943)	3.0
(188,975)	3.0
(188,977)	6.0
(188,979)	3.0
(189,30)	3.0
(189,63)	3.0
(189,295)	15.0
(189,387)	3.0
(189,490)	23.0
(189,521)	6.0
(189,575)	3.0
(189,607)	3.0
(189,609)	9.0
(189,701)	3.0
(189,756)	100.0
(189,758)	3.0
(189,761)	3.0
(189,815)	3.0
(189,826)	6.0
(189,827)	6.0
(189,837)	153.0
(189,844)	3.0
(189,854)	9.0
(189,855)	3.0
(189,868)	6.0
(189,869)	3.0
(189,885)	3.0
(189,909)	6.0
(189,910)	6.0
(189,967)	3.0
(189,1006)	3.0
(190,231)	3.0
(190,367)	3.0
(190,387)	3.0
(190,490)	6.0
(190,518)	6.0
(190,519)	6.0
(190,529)	22.0
(190,608)	3.0
(190,635)	3.0
(190,642)	106.0
(190,658)	6.0
(190,700)	10.0
(190,707)	15.0
(190,722)	6.0
(190,727)	10.0
(190,729)	6.0
(190,734)	3.0
(190,752)	235.0
(190,753)	6.0
(190,837)	15.0
(190,844)	12.0
(190,855)	6.0
(190,880)	3.0
(190,885)	3.0
(190,909)	3.0
(190,910)	3.0
(190,951)	3.0
(191,29)	3.0
(191,324)	3.0
(191,529)	3.0
(191,609)	13.0
(191,611)	3.0
(191,616)	3.0
(191,668)	6.0
(191,706)	3.0
(191,720)	10.0
(191,735)	6.0
(191,743)	12.0
(191,744)	3.0
(191,880)	3.0
(191,883)	6.0
(191,884)	15.0
(191,902)	3.0
(191,910)	3.0
(191,931)	6.0
(191,938)	3.0
(191,940)	3.0
(191,941)	3.0
(191,945)	3.0
(191,951)	3.0
(192,34)	15.0
(192,270)	3.0
(192,292)	121.0
(192,377)	6.0
(192,388)	3.0
(192,517)	19.0
(192,518)	6.0
(192,527)	6.0
(192,528)	3.0
(192,609)	3.0
(192,615)	3.0
(192,621)	3.0
(192,656)	3.0
(192,705)	27.0
(192,733)	15.0
(192,735)	15.0
(192,736)	6.0
(192,737)	100.0
(192,739)	6.0
(192,740)	3.0
(192,741)	10.0
(192,747)	18.0
(192,748)	6.0
(192,812)	6.0
(192,813)	106.0
(192,818)	3.0
(192,837)	15.0
(192,843)	9.0
(192,857)	21.0
(192,881)	12.0
(192,909)	9.0
(192,932)	3.0
(192,935)	3.0
(192,936)	6.0
(192,951)	3.0
(193,29)	140.0
(193,132)	22.0
(193,229)	3.0
(193,290)	6.0
(193,497)	100.0
(193,498)	3.0
(193,499)	3.0
(193,516)	3.0
(193,617)	10.0
(193,618)	12.0
(193,697)	400.0
(193,705)	9.0
(193,723)	9.0
(193,733)	6.0
(193,745)	6.0
(193,746)	3.0
(193,747)	3.0
(193,783)	3.0
(193,818)	9.0
(193,843)	9.0
(193,844)	9.0
(193,857)	31.0
(193,858)	19.0
(193,904)	100.0
(193,910)	3.0
(193,932)	3.0
(193,935)	3.0
(193,952)	12.0
(194,29)	12.0
(194,245)	9.0
(194,246)	3.0
(194,287)	3.0
(194,612)	25.0
(194,613)	3.0
(194,653)	3.0
(194,704)	6.0
(194,706)	3.0
(194,725)	3.0
(194,734)	10.0
(194,736)	22.0
(194,744)	9.0
(194,783)	19.0
(194,816)	36.0
(194,837)	6.0
(194,842)	3.0
(194,845)	3.0
(194,858)	12.0
(194,859)	6.0
(194,873)	10.0
(194,903)	9.0
(194,930)	21.0
(194,931)	10.0
(194,932)	3.0
(194,933)	3.0
(194,944)	9.0
(194,955)	113.0
(195,33)	9.0
(195,40)	3.0
(195,243)	3.0
(195,244)	100.0
(195,250)	3.0
(195,334)	6.0
(195,471)	3.0
(195,488)	13.0
(195,506)	3.0
(195,507)	6.0
(195,527)	3.0
(195,653)	10.0
(195,687)	10.0
(195,688)	3.0
(195,690)	3.0
(195,691)	3.0
(195,693)	6.0
(195,731)	3.0
(195,732)	9.0
(195,734)	12.0
(195,740)	10.0
(195,783)	12.0
(195,815)	3.0
(195,836)	533.0
(195,837)	33.0
(195,842)	3.0
(195,860)	6.0
(195,862)	9.0
(195,873)	18.0
(195,903)	21.0
(195,928)	3.0
(195,929)	9.0
(195,952)	6.0
(196,240)	6.0
(196,251)	3.0
(196,282)	3.0
(196,577)	13.0
(196,669)	3.0
(196,729)	6.0
(196,734)	6.0
(196,783)	29.0
(196,789)	3.0
(196,823)	9.0
(196,826)	6.0
(196,836)	9.0
(196,843)	3.0
(196,844)	3.0
(196,860)	3.0
(196,862)	3.0
(196,863)	9.0
(196,873)	3.0
(196,903)	3.0
(196,907)	10.0
(196,927)	3.0
(196,928)	15.0
(197,236)	9.0
(197,237)	12.0
(197,255)	9.0
(197,256)	112.0
(197,258)	3.0
(197,259)	6.0
(197,260)	9.0
(197,262)	3.0
(197,281)	22.0
(197,335)	6.0
(197,473)	3.0
(197,529)	3.0
(197,617)	6.0
(197,622)	6.0
(197,629)	3.0
(197,633)	3.0
(197,643)	9.0
(197,644)	3.0
(197,651)	3.0
(197,669)	6.0
(197,684)	15.0
(197,702)	10.0
(197,704)	6.0
(197,782)	48.0
(197,823)	3.0
(197,826)	3.0
(197,827)	6.0
(197,828)	3.0
(197,836)	212.0
(197,844)	9.0
(197,846)	3.0
(197,863)	3.0
(197,864)	12.0
(197,913)	6.0
(197,927)	3.0
(197,933)	6.0
(197,952)	3.0
(197,1009)	3.0
(198,279)	3.0
(198,335)	9.0
(198,483)	3.0
(198,617)	3.0
(198,620)	3.0
(198,622)	3.0
(198,630)	9.0
(198,632)	3.0
(198,700)	3.0
(198,756)	9.0
(198,795)	12.0
(198,806)	3.0
(198,829)	3.0
(198,831)	22.0
(198,865)	3.0
(198,867)	6.0
(198,868)	3.0
(198,871)	12.0
(198,873)	15.0
(198,903)	10.0
(198,909)	3.0
(198,913)	15.0
(198,926)	6.0
(199,28)	3.0
(199,266)	9.0
(199,279)	3.0
(199,475)	6.0
(199,529)	9.0
(199,620)	6.0
(199,622)	3.0
(199,644)	6.0
(199,648)	3.0
(199,649)	9.0
(199,669)	9.0
(199,682)	3.0
(199,707)	6.0
(199,781)	3.0
(199,790)	3.0
(199,836)	3.0
(199,870)	3.0
(199,873)	15.0
(199,884)	21.0
(199,913)	6.0
(199,914)	3.0
(199,952)	10.0
(199,1009)	3.0
(200,28)	3.0
(200,29)	9.0
(200,231)	3.0
(200,267)	106.0
(200,481)	16.0
(200,482)	3.0
(200,492)	3.0
(200,528)	6.0
(200,622)	18.0
(200,627)	9.0
(200,629)	12.0
(200,630)	3.0
(200,631)	6.0
(200,632)	12.0
(200,633)	12.0
(200,644)	3.0
(200,645)	3.0
(200,646)	6.0
(200,647)	3.0
(200,662)	6.0
(200,663)	6.0
(200,665)	215.0
(200,672)	3.0
(200,680)	3.0
(200,757)	12.0
(200,806)	9.0
(200,811)	6.0
(200,844)	3.0
(200,872)	119.0
(200,873)	9.0
(200,874)	13.0
(200,875)	6.0
(200,877)	9.0
(200,878)	3.0
(200,880)	3.0
(200,882)	3.0
(200,884)	9.0
(200,885)	22.0
(200,886)	15.0
(200,888)	6.0
(200,889)	13.0
(200,909)	3.0
(200,910)	21.0
(200,926)	3.0
(200,953)	3.0
(200,956)	23.0
(200,996)	6.0
(200,1010)	24.0
(201,29)	100.0
(201,137)	10.0
(201,276)	6.0
(201,334)	3.0
(201,477)	3.0
(201,526)	3.0
(201,622)	6.0
(201,637)	6.0
(201,644)	12.0
(201,646)	3.0
(201,660)	27.0
(201,661)	3.0
(201,670)	3.0
(201,674)	150.0
(201,676)	3.0
(201,677)	3.0
(201,678)	3.0
(201,742)	3.0
(201,743)	6.0
(201,744)	103.0
(201,745)	3.0
(201,747)	3.0
(201,780)	3.0
(201,806)	6.0
(201,807)	3.0
(201,811)	3.0
(201,872)	6.0
(201,881)	9.0
(201,886)	230.0
(201,890)	15.0
(201,903)	3.0
(201,914)	3.0
(201,915)	9.0
(201,924)	3.0
(201,956)	3.0
(201,1001)	3.0
(201,1007)	3.0
(201,1009)	9.0
(202,29)	28.0
(202,30)	203.0
(202,147)	6.0
(202,334)	19.0
(202,492)	6.0
(202,579)	3.0
(202,636)	9.0
(202,645)	3.0
(202,648)	6.0
(202,656)	9.0
(202,671)	133.0
(202,696)	15.0
(202,732)	9.0
(202,738)	3.0
(202,739)	3.0
(202,740)	12.0
(202,741)	9.0
(202,748)	18.0
(202,749)	6.0
(202,750)	3.0
(202,751)	12.0
(202,752)	3.0
(202,768)	6.0
(202,769)	3.0
(202,771)	6.0
(202,773)	3.0
(202,777)	3.0
(202,778)	3.0
(202,809)	3.0
(202,810)	3.0
(202,833)	6.0
(202,836)	18.0
(202,844)	3.0
(202,848)	3.0
(202,871)	3.0
(202,880)	12.0
(202,888)	3.0
(202,891)	6.0
(202,902)	9.0
(202,903)	109.0
(202,915)	3.0
(202,924)	6.0
(202,992)	9.0
(203,28)	9.0
(203,30)	3.0
(203,325)	6.0
(203,334)	3.0
(203,579)	3.0
(203,623)	9.0
(203,645)	3.0
(203,651)	3.0
(203,652)	6.0
(203,653)	6.0
(203,694)	3.0
(203,708)	3.0
(203,737)	3.0
(203,754)	3.0
(203,756)	103.0
(203,757)	3.0
(203,776)	6.0
(203,809)	3.0
(203,833)	3.0
(203,835)	9.0
(203,848)	9.0
(203,849)	12.0
(203,874)	10.0
(203,880)	9.0
(203,888)	12.0
(203,898)	3.0
(203,903)	3.0
(203,915)	3.0
(203,946)	3.0
(203,1010)	12.0
(204,30)	3.0
(204,470)	3.0
(204,471)	6.0
(204,494)	3.0
(204,623)	6.0
(204,672)	9.0
(204,707)	3.0
(204,708)	3.0
(204,729)	6.0
(204,730)	6.0
(204,731)	13.0
(204,732)	12.0
(204,735)	6.0
(204,760)	3.0
(204,767)	6.0
(204,812)	21.0
(204,843)	3.0
(204,850)	3.0
(204,879)	19.0
(204,880)	3.0
(204,889)	120.0
(204,900)	3.0
(204,903)	9.0
(204,909)	100.0
(204,916)	9.0
(204,919)	3.0
(204,921)	6.0
(204,922)	12.0
(204,923)	9.0
(204,955)	3.0
(204,958)	9.0
(204,968)	3.0
(205,199)	3.0
(205,228)	12.0
(205,471)	3.0
(205,579)	113.0
(205,580)	3.0
(205,624)	3.0
(205,625)	3.0
(205,645)	3.0
(205,671)	3.0
(205,705)	9.0
(205,706)	3.0
(205,708)	3.0
(205,714)	19.0
(205,715)	3.0
(205,717)	21.0
(205,723)	3.0
(205,728)	6.0
(205,732)	122.0
(205,733)	13.0
(205,762)	100.0
(205,766)	236.0
(205,777)	3.0
(205,812)	6.0
(205,833)	9.0
(205,834)	28.0
(205,835)	3.0
(205,837)	16.0
(205,852)	3.0
(205,853)	100.0
(205,854)	6.0
(205,855)	9.0
(205,856)	3.0
(205,857)	36.0
(205,858)	31.0
(205,880)	30.0
(205,902)	3.0
(205,903)	3.0
(205,916)	9.0
(205,919)	3.0
(205,920)	6.0
(205,930)	3.0
(205,956)	3.0
(206,30)	3.0
(206,121)	6.0
(206,228)	34.0
(206,334)	10.0
(206,580)	10.0
(206,626)	9.0
(206,719)	13.0
(206,720)	6.0
(206,726)	306.0
(206,732)	6.0
(206,774)	3.0
(206,775)	6.0
(206,778)	6.0
(206,794)	3.0
(206,833)	12.0
(206,834)	22.0
(206,836)	3.0
(206,837)	12.0
(206,838)	100.0
(206,848)	116.0
(206,865)	3.0
(206,876)	3.0
(206,879)	3.0
(206,892)	3.0
(206,894)	3.0
(206,895)	3.0
(206,916)	3.0
(206,917)	12.0
(206,930)	6.0
(206,985)	6.0
(206,1010)	10.0
(207,25)	6.0
(207,29)	100.0
(207,223)	3.0
(207,227)	12.0
(207,472)	9.0
(207,490)	6.0
(207,616)	3.0
(207,627)	3.0
(207,629)	10.0
(207,647)	100.0
(207,703)	3.0
(207,704)	23.0
(207,721)	3.0
(207,722)	9.0
(207,732)	3.0
(207,766)	3.0
(207,774)	3.0
(207,778)	3.0
(207,833)	3.0
(207,840)	22.0
(207,842)	6.0
(207,848)	9.0
(207,866)	6.0
(207,879)	6.0
(207,891)	6.0
(207,909)	3.0
(207,915)	10.0
(207,917)	9.0
(207,918)	3.0
(207,930)	3.0
(208,473)	22.0
(208,515)	6.0
(208,524)	3.0
(208,553)	3.0
(208,660)	6.0
(208,665)	15.0
(208,669)	3.0
(208,670)	3.0
(208,671)	3.0
(208,677)	3.0
(208,678)	37.0
(208,679)	19.0
(208,680)	3.0
(208,681)	3.0
(208,682)	3.0
(208,683)	28.0
(208,684)	9.0
(208,685)	3.0
(208,687)	13.0
(208,688)	3.0
(208,689)	15.0
(208,692)	3.0
(208,702)	109.0
(208,708)	6.0
(208,711)	3.0
(208,767)	6.0
(208,774)	120.0
(208,833)	21.0
(208,842)	27.0
(208,843)	6.0
(208,879)	9.0
(208,893)	100.0
(208,898)	28.0
(208,903)	13.0
(208,908)	13.0
(208,912)	15.0
(208,917)	9.0
(208,918)	6.0
(208,929)	3.0
(208,1010)	6.0
(209,25)	12.0
(209,36)	3.0
(209,474)	3.0
(209,495)	6.0
(209,581)	3.0
(209,630)	3.0
(209,632)	6.0
(209,633)	3.0
(209,647)	3.0
(209,651)	6.0
(209,659)	6.0
(209,664)	6.0
(209,666)	26.0
(209,667)	9.0
(209,668)	3.0
(209,674)	3.0
(209,675)	39.0
(209,676)	3.0
(209,685)	3.0
(209,687)	3.0
(209,699)	9.0
(209,701)	6.0
(209,740)	6.0
(209,768)	9.0
(209,800)	6.0
(209,832)	3.0
(209,842)	3.0
(209,843)	3.0
(209,848)	3.0
(209,868)	12.0
(209,880)	12.0
(209,893)	100.0
(209,898)	3.0
(209,899)	9.0
(209,900)	3.0
(209,904)	6.0
(209,909)	9.0
(209,910)	12.0
(209,1009)	10.0
(210,24)	3.0
(210,32)	3.0
(210,199)	6.0
(210,277)	6.0
(210,495)	223.0
(210,648)	6.0
(210,650)	3.0
(210,651)	39.0
(210,652)	3.0
(210,653)	39.0
(210,654)	6.0
(210,655)	21.0
(210,656)	3.0
(210,657)	16.0
(210,673)	33.0
(210,689)	9.0
(210,694)	6.0
(210,695)	28.0
(210,696)	35.0
(210,732)	18.0
(210,744)	3.0
(210,765)	3.0
(210,767)	3.0
(210,773)	12.0
(210,791)	3.0
(210,832)	6.0
(210,833)	9.0
(210,842)	6.0
(210,843)	16.0
(210,877)	3.0
(210,880)	9.0
(210,900)	12.0
(210,916)	3.0
(210,928)	3.0
(210,929)	3.0
(210,978)	3.0
(210,1010)	6.0
(211,28)	13.0
(211,35)	9.0
(211,36)	26.0
(211,225)	3.0
(211,332)	6.0
(211,476)	3.0
(211,495)	43.0
(211,522)	3.0
(211,629)	3.0
(211,640)	12.0
(211,641)	9.0
(211,642)	3.0
(211,645)	3.0
(211,646)	12.0
(211,732)	9.0
(211,772)	6.0
(211,773)	3.0
(211,800)	3.0
(211,810)	3.0
(211,831)	9.0
(211,833)	6.0
(211,834)	9.0
(211,843)	3.0
(211,868)	13.0
(211,881)	6.0
(211,904)	9.0
(211,914)	6.0
(211,920)	6.0
(211,929)	3.0
(211,1011)	3.0
(212,24)	15.0
(212,35)	3.0
(212,36)	6.0
(212,145)	3.0
(212,225)	9.0
(212,337)	6.0
(212,521)	3.0
(212,554)	23.0
(212,615)	3.0
(212,643)	3.0
(212,688)	3.0
(212,831)	6.0
(212,834)	103.0
(212,841)	3.0
(212,842)	3.0
(212,844)	6.0
(212,845)	33.0
(212,846)	3.0
(212,868)	23.0
(212,881)	6.0
(212,891)	6.0
(212,894)	3.0
(212,896)	3.0
(212,897)	24.0
(212,898)	3.0
(212,900)	100.0
(212,906)	13.0
(212,913)	12.0
(212,920)	33.0
(212,921)	9.0
(212,922)	12.0
(212,923)	6.0
(212,924)	3.0
(212,925)	12.0
(212,926)	3.0
(212,928)	3.0
(212,1009)	12.0
(212,1011)	3.0
(213,280)	3.0
(213,340)	3.0
(213,342)	3.0
(213,520)	3.0
(213,656)	3.0
(213,772)	3.0
(213,800)	3.0
(213,801)	9.0
(213,822)	3.0
(213,829)	3.0
(213,836)	12.0
(213,841)	6.0
(213,847)	3.0
(213,867)	6.0
(213,894)	9.0
(213,911)	6.0
(213,918)	10.0
(213,928)	26.0
(213,959)	3.0
(213,970)	3.0
(213,972)	3.0
(214,222)	3.0
(214,348)	10.0
(214,460)	3.0
(214,495)	6.0
(214,657)	3.0
(214,731)	3.0
(214,764)	6.0
(214,773)	3.0
(214,786)	3.0
(214,803)	9.0
(214,831)	126.0
(214,847)	3.0
(214,867)	3.0
(214,882)	6.0
(214,893)	6.0
(214,896)	3.0
(214,930)	12.0
(214,936)	6.0
(214,947)	3.0
(214,950)	13.0
(214,969)	3.0
(214,970)	15.0
(215,24)	6.0
(215,27)	3.0
(215,218)	6.0
(215,221)	3.0
(215,281)	3.0
(215,480)	15.0
(215,481)	3.0
(215,630)	3.0
(215,657)	3.0
(215,730)	13.0
(215,772)	3.0
(215,812)	3.0
(215,832)	6.0
(215,844)	3.0
(215,859)	3.0
(215,883)	6.0
(215,895)	3.0
(215,899)	12.0
(215,901)	6.0
(215,932)	6.0
(215,933)	18.0
(215,937)	6.0
(215,952)	3.0
(215,965)	10.0
(215,1010)	6.0
(216,126)	15.0
(216,501)	3.0
(216,785)	3.0
(216,803)	3.0
(216,827)	3.0
(216,831)	3.0
(216,835)	3.0
(216,844)	19.0
(216,858)	3.0
(216,878)	3.0
(216,883)	3.0
(216,897)	6.0
(216,898)	3.0
(216,909)	3.0
(216,919)	3.0
(216,928)	3.0
(216,961)	6.0
(216,962)	9.0
(216,963)	100.0
(216,1010)	3.0
(217,26)	6.0
(217,200)	3.0
(217,330)	3.0
(217,502)	106.0
(217,620)	3.0
(217,657)	9.0
(217,658)	6.0
(217,766)	15.0
(217,771)	9.0
(217,811)	3.0
(217,812)	3.0
(217,830)	3.0
(217,835)	9.0
(217,845)	9.0
(217,856)	13.0
(217,867)	15.0
(217,884)	12.0
(217,941)	3.0
(217,942)	13.0
(217,960)	3.0
(217,1010)	3.0
(218,177)	100.0
(218,208)	12.0
(218,220)	3.0
(218,257)	3.0
(218,329)	23.0
(218,485)	3.0
(218,637)	3.0
(218,658)	3.0
(218,767)	10.0
(218,769)	3.0
(218,770)	3.0
(218,810)	3.0
(218,830)	3.0
(218,835)	15.0
(218,856)	3.0
(218,868)	6.0
(218,884)	9.0
(218,896)	55.0
(218,913)	12.0
(218,930)	9.0
(218,1010)	3.0
(218,1011)	3.0
(219,24)	3.0
(219,26)	3.0
(219,203)	6.0
(219,204)	6.0
(219,206)	3.0
(219,219)	15.0
(219,487)	3.0
(219,730)	19.0
(219,784)	3.0
(219,802)	3.0
(219,810)	3.0
(219,811)	9.0
(219,830)	12.0
(219,835)	12.0
(219,850)	6.0
(219,893)	6.0
(219,896)	3.0
(219,897)	6.0
(219,922)	3.0
(219,925)	6.0
(219,926)	3.0
(219,930)	9.0
(220,24)	6.0
(220,26)	3.0
(220,488)	3.0
(220,506)	3.0
(220,510)	15.0
(220,511)	3.0
(220,513)	3.0
(220,581)	6.0
(220,658)	45.0
(220,803)	3.0
(220,807)	3.0
(220,827)	3.0
(220,835)	6.0
(220,848)	9.0
(220,878)	6.0
(220,897)	3.0
(220,913)	10.0
(221,507)	3.0
(221,658)	6.0
(221,674)	3.0
(221,729)	12.0
(221,777)	15.0
(221,781)	6.0
(221,807)	3.0
(221,825)	3.0
(221,826)	3.0
(221,830)	3.0
(221,831)	3.0
(221,834)	3.0
(221,835)	3.0
(221,870)	9.0
(221,897)	6.0
(221,908)	9.0
(221,914)	3.0
(221,922)	6.0
(221,923)	3.0
(221,927)	13.0
(221,928)	3.0
(222,192)	210.0
(222,288)	9.0
(222,608)	6.0
(222,632)	15.0
(222,710)	100.0
(222,728)	3.0
(222,767)	6.0
(222,807)	3.0
(222,830)	9.0
(222,832)	3.0
(222,834)	6.0
(222,835)	15.0
(222,849)	3.0
(222,852)	3.0
(222,884)	3.0
(222,897)	3.0
(222,915)	23.0
(222,929)	9.0
(222,930)	6.0
(222,931)	3.0
(222,1011)	43.0
(223,25)	10.0
(223,26)	3.0
(223,41)	10.0
(223,132)	10.0
(223,187)	22.0
(223,190)	6.0
(223,200)	12.0
(223,289)	6.0
(223,453)	6.0
(223,491)	3.0
(223,501)	3.0
(223,558)	3.0
(223,580)	12.0
(223,659)	3.0
(223,674)	3.0
(223,727)	3.0
(223,766)	16.0
(223,782)	10.0
(223,806)	3.0
(223,834)	27.0
(223,849)	3.0
(223,915)	3.0
(223,922)	31.0
(224,142)	3.0
(224,186)	28.0
(224,492)	3.0
(224,526)	9.0
(224,632)	6.0
(224,687)	3.0
(224,727)	12.0
(224,766)	3.0
(224,806)	3.0
(224,807)	3.0
(224,822)	103.0
(224,834)	6.0
(224,871)	6.0
(224,878)	3.0
(224,885)	6.0
(224,890)	3.0
(224,904)	103.0
(224,905)	3.0
(224,922)	6.0
(224,1012)	3.0
(225,42)	6.0
(225,489)	3.0
(225,494)	6.0
(225,526)	3.0
(225,527)	3.0
(225,528)	6.0
(225,545)	27.0
(225,633)	3.0
(225,637)	3.0
(225,658)	10.0
(225,727)	9.0
(225,833)	3.0
(225,834)	100.0
(225,871)	6.0
(225,885)	6.0
(225,897)	10.0
(225,912)	3.0
(225,913)	9.0
(225,1010)	3.0
(225,1011)	3.0
(226,151)	10.0
(226,326)	6.0
(226,532)	3.0
(226,542)	3.0
(226,543)	6.0
(226,727)	6.0
(226,776)	3.0
(226,807)	6.0
(226,835)	15.0
(226,843)	3.0
(226,844)	3.0
(226,846)	24.0
(226,847)	3.0
(226,848)	6.0
(226,871)	9.0
(226,885)	3.0
(226,895)	9.0
(226,896)	3.0
(226,913)	6.0
(227,25)	3.0
(227,68)	3.0
(227,177)	6.0
(227,181)	6.0
(227,182)	3.0
(227,184)	6.0
(227,213)	3.0
(227,220)	12.0
(227,252)	3.0
(227,535)	6.0
(227,537)	21.0
(227,575)	9.0
(227,704)	10.0
(227,781)	19.0
(227,836)	9.0
(227,871)	19.0
(227,879)	6.0
(227,885)	9.0
(227,894)	6.0
(227,895)	6.0
(227,913)	16.0
(227,917)	13.0
(228,25)	3.0
(228,44)	3.0
(228,67)	206.0
(228,251)	3.0
(228,328)	3.0
(228,574)	3.0
(228,634)	3.0
(228,657)	12.0
(228,729)	22.0
(228,807)	3.0
(228,831)	3.0
(228,836)	3.0
(228,848)	6.0
(228,872)	6.0
(228,880)	9.0
(228,886)	3.0
(228,889)	6.0
(228,891)	6.0
(228,892)	19.0
(228,894)	16.0
(228,914)	9.0
(229,24)	3.0
(229,25)	3.0
(229,328)	3.0
(229,554)	13.0
(229,561)	3.0
(229,562)	3.0
(229,563)	3.0
(229,567)	6.0
(229,572)	3.0
(229,634)	6.0
(229,639)	3.0
(229,730)	15.0
(229,765)	3.0
(229,803)	3.0
(229,817)	6.0
(229,836)	18.0
(229,848)	3.0
(229,872)	9.0
(229,873)	3.0
(229,880)	9.0
(229,887)	9.0
(229,907)	3.0
(229,919)	3.0
(229,922)	12.0
(229,935)	6.0
(230,24)	3.0
(230,26)	3.0
(230,75)	110.0
(230,76)	3.0
(230,325)	3.0
(230,494)	15.0
(230,532)	6.0
(230,583)	3.0
(230,615)	15.0
(230,635)	24.0
(230,731)	3.0
(230,764)	6.0
(230,836)	3.0
(230,873)	12.0
(230,874)	3.0
(230,914)	9.0
(230,915)	3.0
(230,919)	3.0
(230,935)	6.0
(230,936)	3.0
(231,23)	3.0
(231,65)	6.0
(231,77)	6.0
(231,836)	3.0
(231,837)	3.0
(231,848)	6.0
(231,874)	6.0
(231,882)	27.0
(231,892)	18.0
(231,971)	3.0
(232,23)	3.0
(232,63)	3.0
(232,79)	3.0
(232,156)	3.0
(232,623)	3.0
(232,624)	3.0
(232,625)	3.0
(232,628)	3.0
(232,634)	3.0
(232,731)	3.0
(232,849)	3.0
(232,874)	6.0
(232,883)	3.0
(232,896)	9.0
(232,907)	12.0
(233,328)	10.0
(233,582)	30.0
(233,609)	18.0
(233,610)	12.0
(233,617)	3.0
(233,622)	6.0
(233,633)	6.0
(233,852)	3.0
(233,875)	3.0
(233,881)	3.0
(233,885)	24.0
(233,891)	6.0
(233,914)	10.0
(233,1013)	13.0
(234,23)	3.0
(234,26)	6.0
(234,82)	9.0
(234,86)	63.0
(234,155)	119.0
(234,182)	6.0
(234,491)	3.0
(234,494)	3.0
(234,632)	6.0
(234,633)	9.0
(234,809)	3.0
(234,836)	9.0
(234,852)	6.0
(234,877)	3.0
(234,878)	33.0
(234,890)	3.0
(234,896)	3.0
(234,920)	3.0
(234,938)	3.0
(235,47)	15.0
(235,60)	3.0
(235,137)	3.0
(235,138)	6.0
(235,155)	9.0
(235,582)	13.0
(235,631)	6.0
(235,657)	3.0
(235,730)	528.0
(235,780)	3.0
(235,837)	3.0
(235,861)	100.0
(235,875)	9.0
(235,876)	6.0
(235,878)	106.0
(235,879)	25.0
(235,898)	125.0
(235,913)	9.0
(236,24)	3.0
(236,48)	9.0
(236,616)	3.0
(236,631)	3.0
(236,657)	16.0
(236,730)	16.0
(236,837)	6.0
(236,854)	6.0
(236,856)	3.0
(236,857)	6.0
(236,879)	9.0
(237,95)	3.0
(237,494)	3.0
(237,617)	3.0
(237,730)	265.0
(237,810)	3.0
(237,836)	3.0
(237,854)	3.0
(237,862)	3.0
(237,864)	9.0
(237,866)	6.0
(237,868)	12.0
(237,880)	3.0
(237,899)	6.0
(237,900)	21.0
(237,920)	3.0
(238,26)	12.0
(238,303)	3.0
(238,327)	3.0
(238,488)	9.0
(238,495)	3.0
(238,582)	200.0
(238,631)	142.0
(238,655)	3.0
(238,690)	3.0
(238,731)	3.0
(238,780)	3.0
(238,814)	10.0
(238,828)	9.0
(238,829)	9.0
(238,831)	6.0
(238,832)	12.0
(238,833)	22.0
(238,834)	3.0
(238,835)	9.0
(238,836)	6.0
(238,837)	3.0
(238,869)	3.0
(238,900)	6.0
(238,1017)	3.0
(239,24)	9.0
(239,56)	6.0
(239,98)	10.0
(239,325)	3.0
(239,494)	19.0
(239,582)	9.0
(239,583)	10.0
(239,631)	9.0
(239,653)	3.0
(239,826)	9.0
(239,827)	12.0
(239,828)	12.0
(239,835)	6.0
(239,843)	3.0
(239,850)	3.0
(239,853)	21.0
(239,864)	9.0
(239,902)	21.0
(240,55)	9.0
(240,99)	3.0
(240,254)	6.0
(240,325)	3.0
(240,328)	31.0
(240,583)	3.0
(240,631)	3.0
(240,653)	6.0
(240,675)	20.0
(240,812)	3.0
(240,815)	6.0
(240,816)	6.0
(240,817)	3.0
(240,818)	12.0
(240,819)	6.0
(240,820)	3.0
(240,821)	6.0
(240,822)	51.0
(240,824)	6.0
(240,825)	12.0
(240,836)	3.0
(240,838)	3.0
(240,845)	3.0
(240,846)	3.0
(240,847)	30.0
(240,849)	28.0
(240,868)	3.0
(240,879)	3.0
(240,903)	12.0
(240,917)	3.0
(241,54)	126.0
(241,325)	138.0
(241,780)	6.0
(241,814)	3.0
(241,838)	3.0
(241,839)	21.0
(241,840)	3.0
(241,887)	6.0
(242,495)	3.0
(242,621)	3.0
(242,644)	6.0
(242,675)	3.0
(242,732)	3.0
(242,812)	6.0
(242,839)	9.0
(242,904)	6.0
(242,914)	3.0
(242,917)	3.0
(242,1017)	3.0
(243,24)	9.0
(243,51)	3.0
(243,201)	9.0
(243,317)	3.0
(243,584)	9.0
(243,622)	3.0
(243,733)	3.0
(243,838)	6.0
(243,888)	100.0
(243,906)	3.0
(243,915)	3.0
(243,1018)	3.0
(244,24)	27.0
(244,46)	3.0
(244,48)	3.0
(244,50)	6.0
(244,151)	120.0
(244,584)	3.0
(244,642)	9.0
(244,649)	9.0
(244,650)	3.0
(244,676)	3.0
(244,733)	3.0
(244,781)	12.0
(244,808)	3.0
(244,811)	3.0
(244,834)	6.0
(244,849)	3.0
(244,906)	12.0
(244,916)	206.0
(244,917)	3.0
(245,24)	16.0
(245,105)	10.0
(245,106)	18.0
(245,107)	6.0
(245,151)	119.0
(245,486)	3.0
(245,504)	3.0
(245,641)	13.0
(245,653)	6.0
(245,676)	3.0
(245,804)	3.0
(245,805)	6.0
(245,808)	15.0
(245,811)	3.0
(245,834)	3.0
(245,841)	3.0
(245,854)	3.0
(245,867)	21.0
(245,909)	6.0
(245,918)	9.0
(245,971)	3.0
(245,972)	3.0
(246,24)	18.0
(246,44)	6.0
(246,108)	30.0
(246,111)	13.0
(246,198)	106.0
(246,505)	3.0
(246,545)	18.0
(246,631)	3.0
(246,633)	6.0
(246,653)	12.0
(246,654)	12.0
(246,676)	3.0
(246,807)	29.0
(246,809)	3.0
(246,840)	25.0
(246,843)	3.0
(246,855)	18.0
(246,870)	10.0
(246,918)	9.0
(247,24)	33.0
(247,26)	9.0
(247,40)	12.0
(247,43)	6.0
(247,53)	6.0
(247,73)	3.0
(247,74)	3.0
(247,79)	9.0
(247,116)	6.0
(247,194)	16.0
(247,428)	12.0
(247,430)	10.0
(247,494)	3.0
(247,655)	9.0
(247,780)	3.0
(247,806)	3.0
(247,809)	3.0
(247,844)	3.0
(247,848)	9.0
(247,854)	18.0
(247,871)	3.0
(247,876)	3.0
(247,877)	3.0
(247,919)	3.0
(248,17)	3.0
(248,20)	3.0
(248,24)	6.0
(248,47)	3.0
(248,61)	6.0
(248,62)	6.0
(248,327)	3.0
(248,328)	16.0
(248,431)	3.0
(248,487)	3.0
(248,494)	3.0
(248,583)	15.0
(248,634)	9.0
(248,655)	9.0
(248,656)	9.0
(248,872)	3.0
(248,877)	3.0
(248,911)	3.0
(248,920)	6.0
(249,21)	6.0
(249,22)	109.0
(249,25)	9.0
(249,27)	3.0
(249,29)	106.0
(249,30)	3.0
(249,81)	3.0
(249,118)	109.0
(249,259)	6.0
(249,487)	3.0
(249,493)	3.0
(249,584)	3.0
(249,623)	3.0
(249,734)	27.0
(249,807)	9.0
(249,832)	3.0
(249,840)	3.0
(249,853)	118.0
(249,876)	109.0
(249,912)	3.0
(250,22)	3.0
(250,23)	3.0
(250,44)	3.0
(250,45)	10.0
(250,46)	10.0
(250,120)	3.0
(250,131)	3.0
(250,180)	3.0
(250,182)	9.0
(250,183)	15.0
(250,487)	3.0
(250,492)	3.0
(250,551)	3.0
(250,586)	3.0
(250,827)	3.0
(250,840)	12.0
(250,841)	6.0
(250,881)	15.0
(250,919)	15.0
(250,1021)	100.0
(251,22)	19.0
(251,25)	3.0
(251,26)	12.0
(251,46)	9.0
(251,83)	3.0
(251,177)	6.0
(251,179)	9.0
(251,330)	3.0
(251,487)	9.0
(251,493)	12.0
(251,587)	3.0
(251,785)	3.0
(251,806)	3.0
(251,817)	12.0
(251,831)	3.0
(251,841)	9.0
(251,858)	3.0
(251,876)	3.0
(251,881)	6.0
(251,919)	6.0
(252,26)	3.0
(252,39)	10.0
(252,125)	12.0
(252,129)	3.0
(252,149)	3.0
(252,488)	3.0
(252,622)	3.0
(252,639)	12.0
(252,657)	6.0
(252,659)	33.0
(252,677)	3.0
(252,786)	9.0
(252,841)	3.0
(252,859)	10.0
(252,860)	3.0
(252,863)	3.0
(252,872)	3.0
(252,879)	6.0
(253,28)	3.0
(253,40)	3.0
(253,88)	6.0
(253,159)	34.0
(253,162)	6.0
(253,169)	6.0
(253,171)	3.0
(253,493)	6.0
(253,657)	6.0
(253,660)	9.0
(253,661)	3.0
(253,664)	13.0
(253,804)	3.0
(253,842)	3.0
(253,843)	3.0
(253,860)	3.0
(253,862)	6.0
(253,870)	10.0
(253,871)	3.0
(253,877)	3.0
(253,878)	3.0
(253,910)	12.0
(253,921)	3.0
(254,23)	30.0
(254,29)	3.0
(254,37)	31.0
(254,257)	29.0
(254,327)	3.0
(254,487)	6.0
(254,592)	3.0
(254,664)	3.0
(254,734)	13.0
(254,748)	3.0
(254,788)	6.0
(254,811)	3.0
(254,827)	100.0
(254,843)	3.0
(254,863)	3.0
(254,864)	3.0
(254,870)	3.0
(254,876)	3.0
(254,877)	3.0
(254,920)	9.0
(255,23)	12.0
(255,27)	10.0
(255,28)	15.0
(255,327)	45.0
(255,332)	6.0
(255,494)	10.0
(255,593)	3.0
(255,638)	6.0
(255,734)	3.0
(255,821)	6.0
(255,843)	6.0
(255,844)	3.0
(255,845)	3.0
(255,846)	3.0
(255,848)	3.0
(255,849)	6.0
(255,874)	6.0
(255,875)	3.0
(255,887)	3.0
(255,906)	3.0
(255,909)	6.0
(255,920)	9.0
(255,921)	100.0
(256,23)	22.0
(256,28)	3.0
(256,29)	29.0
(256,33)	12.0
(256,177)	6.0
(256,495)	12.0
(256,749)	3.0
(256,789)	6.0
(256,845)	12.0
(256,846)	3.0
(256,847)	3.0
(256,848)	3.0
(256,866)	100.0
(256,871)	6.0
(256,873)	3.0
(256,898)	3.0
(256,908)	6.0
(256,921)	16.0
(257,29)	3.0
(257,151)	6.0
(257,496)	100.0
(257,677)	3.0
(257,812)	3.0
(257,843)	112.0
(257,844)	3.0
(257,845)	100.0
(257,848)	12.0
(257,851)	6.0
(257,852)	6.0
(257,868)	3.0
(257,900)	3.0
(257,921)	3.0
(257,935)	6.0
(258,30)	15.0
(258,97)	20.0
(258,244)	9.0
(258,257)	3.0
(258,487)	3.0
(258,537)	6.0
(258,582)	19.0
(258,824)	6.0
(258,843)	18.0
(258,853)	100.0
(258,921)	12.0
(258,922)	16.0
(259,30)	6.0
(259,144)	3.0
(259,582)	3.0
(259,637)	6.0
(259,665)	3.0
(259,667)	6.0
(259,668)	3.0
(259,733)	3.0
(259,745)	3.0
(259,812)	3.0
(259,813)	12.0
(259,817)	6.0
(259,843)	6.0
(259,854)	15.0
(259,855)	3.0
(259,867)	3.0
(259,880)	6.0
(259,887)	9.0
(259,933)	3.0
(260,23)	12.0
(260,99)	13.0
(260,111)	20.0
(260,678)	3.0
(260,826)	6.0
(260,855)	3.0
(260,887)	6.0
(260,895)	3.0
(260,923)	15.0
(261,23)	12.0
(261,328)	10.0
(261,677)	3.0
(261,788)	3.0
(261,798)	3.0
(261,827)	6.0
(261,844)	3.0
(261,871)	15.0
(261,892)	9.0
(261,894)	3.0
(261,924)	6.0
(262,0)	3.0
(262,102)	6.0
(262,106)	9.0
(262,326)	15.0
(262,487)	6.0
(262,659)	3.0
(262,677)	3.0
(262,733)	3.0
(262,856)	3.0
(262,857)	3.0
(262,872)	19.0
(262,891)	6.0
(262,924)	3.0
(262,925)	15.0
(263,23)	10.0
(263,29)	9.0
(263,130)	22.0
(263,183)	3.0
(263,238)	3.0
(263,443)	3.0
(263,487)	6.0
(263,495)	9.0
(263,636)	6.0
(263,666)	12.0
(263,677)	3.0
(263,719)	6.0
(263,818)	3.0
(263,829)	6.0
(263,890)	3.0
(263,891)	9.0
(263,930)	6.0
(264,170)	30.0
(264,207)	3.0
(264,495)	16.0
(264,561)	10.0
(264,738)	3.0
(264,739)	3.0
(264,787)	16.0
(264,829)	28.0
(264,842)	3.0
(264,872)	3.0
(264,928)	3.0
(265,28)	3.0
(265,29)	6.0
(265,44)	6.0
(265,119)	3.0
(265,327)	13.0
(265,329)	13.0
(265,330)	3.0
(265,373)	3.0
(265,499)	10.0
(265,533)	12.0
(265,562)	210.0
(265,635)	6.0
(265,667)	3.0
(265,733)	6.0
(265,787)	9.0
(265,792)	3.0
(265,813)	3.0
(265,859)	115.0
(265,872)	3.0
(265,880)	9.0
(265,882)	3.0
(265,883)	6.0
(265,885)	6.0
(266,28)	6.0
(266,120)	10.0
(266,122)	13.0
(266,635)	3.0
(266,675)	9.0
(266,820)	3.0
(266,830)	3.0
(266,831)	6.0
(266,837)	15.0
(266,838)	12.0
(266,839)	3.0
(266,841)	6.0
(266,859)	6.0
(266,873)	3.0
(266,874)	3.0
(266,876)	3.0
(266,878)	3.0
(267,24)	9.0
(267,28)	6.0
(267,131)	3.0
(267,133)	3.0
(267,501)	9.0
(267,532)	3.0
(267,582)	6.0
(267,812)	3.0
(267,864)	100.0
(267,865)	3.0
(267,866)	12.0
(267,872)	6.0
(267,877)	6.0
(268,28)	15.0
(268,127)	26.0
(268,130)	15.0
(268,207)	9.0
(268,502)	6.0
(268,579)	10.0
(268,589)	3.0
(268,711)	3.0
(268,811)	6.0
(268,859)	3.0
(268,868)	12.0
(268,871)	20.0
(268,931)	13.0
(269,23)	12.0
(269,24)	12.0
(269,512)	233.0
(269,709)	3.0
(269,811)	130.0
(269,816)	3.0
(269,817)	6.0
(269,859)	9.0
(269,886)	15.0
(269,887)	3.0
(270,22)	3.0
(270,23)	13.0
(270,44)	6.0
(270,170)	6.0
(270,171)	3.0
(270,494)	10.0
(270,540)	3.0
(270,578)	110.0
(270,734)	3.0
(270,743)	9.0
(270,829)	6.0
(270,860)	3.0
(270,870)	6.0
(270,884)	3.0
(270,910)	9.0
(271,28)	9.0
(271,168)	3.0
(271,227)	3.0
(271,326)	3.0
(271,333)	3.0
(271,531)	3.0
(271,535)	3.0
(271,536)	3.0
(271,652)	3.0
(271,655)	3.0
(271,669)	3.0
(271,712)	3.0
(271,735)	21.0
(271,742)	6.0
(271,810)	6.0
(271,834)	3.0
(271,835)	6.0
(271,837)	3.0
(271,859)	3.0
(271,869)	3.0
(271,885)	6.0
(271,931)	3.0
(272,22)	12.0
(272,27)	6.0
(272,225)	100.0
(272,325)	3.0
(272,489)	6.0
(272,524)	3.0
(272,536)	3.0
(272,537)	13.0
(272,735)	3.0
(272,788)	3.0
(272,827)	3.0
(272,835)	3.0
(272,859)	6.0
(272,884)	39.0
(272,920)	3.0
(273,28)	21.0
(273,325)	3.0
(273,333)	43.0
(273,385)	3.0
(273,569)	3.0
(273,632)	3.0
(273,671)	10.0
(273,675)	42.0
(273,737)	3.0
(273,829)	9.0
(273,858)	6.0
(273,884)	3.0
(273,911)	3.0
(274,27)	3.0
(274,28)	3.0
(274,180)	6.0
(274,212)	10.0
(274,488)	9.0
(274,529)	3.0
(274,565)	3.0
(274,652)	3.0
(274,672)	3.0
(274,677)	3.0
(274,678)	6.0
(274,738)	3.0
(274,742)	3.0
(274,812)	3.0
(274,833)	3.0
(274,858)	3.0
(274,884)	3.0
(274,885)	13.0
(274,932)	3.0
(275,22)	6.0
(275,181)	6.0
(275,548)	3.0
(275,597)	3.0
(275,621)	3.0
(275,672)	6.0
(275,673)	9.0
(275,738)	6.0
(275,827)	6.0
(275,833)	3.0
(275,843)	6.0
(275,858)	3.0
(276,21)	3.0
(276,26)	6.0
(276,496)	6.0
(276,598)	3.0
(276,674)	10.0
(276,705)	3.0
(276,812)	3.0
(276,826)	15.0
(276,856)	44.0
(276,911)	3.0
(276,914)	3.0
(277,21)	6.0
(277,564)	6.0
(277,736)	3.0
(277,846)	3.0
(277,885)	3.0
(278,20)	10.0
(278,24)	3.0
(278,101)	3.0
(278,162)	6.0
(278,335)	3.0
(278,651)	3.0
(278,652)	6.0
(278,687)	9.0
(278,688)	3.0
(278,735)	3.0
(278,742)	6.0
(278,812)	3.0
(278,828)	6.0
(278,855)	25.0
(279,24)	3.0
(279,323)	3.0
(279,496)	12.0
(279,598)	3.0
(279,599)	3.0
(279,615)	3.0
(279,616)	6.0
(279,631)	3.0
(279,734)	9.0
(279,743)	10.0
(279,812)	3.0
(279,848)	3.0
(279,855)	6.0
(280,188)	3.0
(280,336)	3.0
(280,560)	3.0
(280,691)	21.0
(280,692)	3.0
(280,742)	3.0
(280,744)	9.0
(280,828)	9.0
(280,851)	3.0
(280,856)	3.0
(280,885)	16.0
(281,20)	10.0
(281,136)	3.0
(281,137)	9.0
(281,144)	6.0
(281,579)	16.0
(281,634)	3.0
(281,694)	3.0
(281,701)	3.0
(281,702)	9.0
(281,812)	3.0
(281,813)	3.0
(281,848)	3.0
(282,15)	12.0
(282,121)	100.0
(282,124)	12.0
(282,134)	3.0
(282,321)	9.0
(282,556)	13.0
(282,655)	12.0
(282,695)	6.0
(282,698)	10.0
(282,702)	3.0
(282,746)	9.0
(282,933)	3.0
(283,16)	3.0
(283,19)	103.0
(283,28)	9.0
(283,321)	38.0
(283,557)	6.0
(283,559)	3.0
(283,696)	3.0
(283,734)	3.0
(283,746)	6.0
(283,815)	6.0
(283,848)	3.0
(283,857)	9.0
(284,16)	20.0
(284,23)	6.0
(284,112)	130.0
(284,321)	3.0
(284,649)	9.0
(284,693)	3.0
(284,702)	100.0
(284,727)	3.0
(284,733)	9.0
(284,747)	103.0
(284,849)	6.0
(284,858)	3.0
(284,885)	3.0
(285,17)	6.0
(285,19)	9.0
(285,555)	9.0
(285,556)	9.0
(285,635)	3.0
(285,644)	3.0
(285,728)	3.0
(285,729)	3.0
(285,730)	3.0
(285,736)	30.0
(285,849)	6.0
(285,933)	3.0
(286,18)	3.0
(286,23)	3.0
(286,489)	3.0
(286,556)	3.0
(286,635)	3.0
(286,643)	6.0
(286,703)	3.0
(286,861)	3.0
(287,18)	3.0
(287,22)	3.0
(287,256)	3.0
(287,319)	110.0
(287,555)	3.0
(287,565)	3.0
(287,642)	113.0
(287,655)	3.0
(287,803)	3.0
(287,848)	16.0
(287,887)	3.0
(287,931)	3.0
(288,18)	3.0
(288,191)	3.0
(288,378)	3.0
(288,555)	3.0
(288,660)	3.0
(288,708)	6.0
(288,750)	6.0
(288,752)	3.0
(288,798)	6.0
(288,801)	6.0
(288,819)	3.0
(288,821)	3.0
(288,823)	3.0
(288,887)	12.0
(289,18)	9.0
(289,655)	3.0
(289,687)	3.0
(289,710)	3.0
(289,932)	3.0
(290,19)	6.0
(290,20)	3.0
(290,21)	13.0
(290,26)	10.0
(290,643)	6.0
(290,647)	3.0
(290,654)	3.0
(290,662)	26.0
(290,663)	6.0
(290,757)	3.0
(290,846)	3.0
(290,847)	10.0
(290,848)	6.0
(290,887)	129.0
(291,22)	18.0
(291,23)	109.0
(291,25)	3.0
(291,497)	3.0
(291,554)	12.0
(291,618)	3.0
(291,664)	6.0
(291,757)	6.0
(291,796)	3.0
(291,814)	3.0
(291,821)	3.0
(291,825)	3.0
(291,826)	10.0
(291,847)	6.0
(291,863)	3.0
(292,22)	6.0
(292,24)	6.0
(292,321)	3.0
(292,340)	9.0
(292,497)	3.0
(292,553)	6.0
(292,658)	3.0
(292,659)	6.0
(292,666)	3.0
(292,848)	109.0
(292,887)	6.0
(293,150)	6.0
(293,553)	13.0
(293,712)	18.0
(293,724)	6.0
(293,849)	6.0
(294,340)	3.0
(294,659)	12.0
(294,792)	3.0
(294,832)	3.0
(294,884)	6.0
(294,889)	3.0
(294,906)	100.0
(295,20)	6.0
(295,513)	3.0
(295,514)	3.0
(295,723)	15.0
(295,821)	3.0
(295,884)	3.0
(296,93)	10.0
(296,266)	3.0
(296,451)	9.0
(296,500)	3.0
(296,723)	3.0
(296,821)	3.0
(296,833)	3.0
(297,18)	34.0
(297,315)	6.0
(297,501)	10.0
(297,511)	12.0
(297,618)	3.0
(297,648)	3.0
(297,790)	6.0
(297,817)	9.0
(297,851)	6.0
(297,889)	3.0
(298,14)	6.0
(298,18)	9.0
(298,252)	3.0
(298,445)	100.0
(298,891)	3.0
(299,14)	3.0
(299,17)	100.0
(299,19)	103.0
(299,252)	3.0
(299,264)	103.0
(299,268)	3.0
(299,346)	13.0
(299,428)	6.0
(299,429)	3.0
(299,446)	10.0
(299,651)	3.0
(299,661)	6.0
(299,723)	12.0
(299,852)	9.0
(299,891)	13.0
(299,897)	3.0
(299,902)	3.0
(300,14)	9.0
(300,17)	3.0
(300,268)	3.0
(300,341)	6.0
(300,347)	6.0
(300,434)	3.0
(300,501)	9.0
(300,717)	9.0
(300,723)	3.0
(300,761)	6.0
(300,787)	3.0
(300,836)	6.0
(300,847)	9.0
(300,881)	3.0
(301,14)	3.0
(301,157)	3.0
(301,269)	100.0
(301,329)	3.0
(301,331)	3.0
(301,332)	6.0
(301,351)	3.0
(301,464)	16.0
(301,881)	3.0
(301,882)	6.0
(301,892)	3.0
(301,896)	6.0
(302,13)	6.0
(302,245)	13.0
(302,322)	3.0
(302,424)	3.0
(302,577)	3.0
(302,846)	3.0
(302,881)	6.0
(302,895)	12.0
(302,930)	3.0
(303,13)	6.0
(303,17)	3.0
(303,27)	3.0
(303,75)	3.0
(303,82)	3.0
(303,159)	3.0
(303,190)	9.0
(303,333)	10.0
(303,723)	3.0
(303,850)	3.0
(303,893)	27.0
(304,82)	3.0
(304,137)	3.0
(304,273)	3.0
(304,274)	9.0
(304,339)	6.0
(304,687)	10.0
(304,718)	3.0
(304,891)	3.0
(304,931)	12.0
(305,3)	13.0
(305,4)	9.0
(305,5)	10.0
(305,722)	3.0
(305,728)	3.0
(305,766)	100.0
(305,848)	6.0
(305,879)	6.0
(305,892)	6.0
(305,893)	3.0
(306,5)	6.0
(306,28)	36.0
(306,44)	3.0
(306,166)	6.0
(306,277)	3.0
(306,603)	3.0
(306,770)	3.0
(307,5)	12.0
(307,17)	9.0
(307,192)	3.0
(307,503)	13.0
(307,724)	3.0
(307,772)	113.0
(307,773)	3.0
(307,848)	9.0
(307,892)	3.0
(307,914)	6.0
(308,6)	6.0
(308,279)	12.0
(308,469)	320.0
(308,577)	3.0
(308,710)	9.0
(308,889)	15.0
(308,892)	3.0
(309,44)	3.0
(309,171)	10.0
(309,318)	100.0
(309,577)	3.0
(309,689)	3.0
(309,738)	3.0
(309,789)	3.0
(310,17)	6.0
(310,45)	3.0
(310,282)	3.0
(310,549)	6.0
(310,712)	3.0
(310,823)	3.0
(310,850)	3.0
(310,927)	3.0
(311,315)	3.0
(311,547)	10.0
(311,662)	3.0
(311,760)	3.0
(311,936)	26.0
(312,5)	3.0
(312,17)	3.0
(312,28)	6.0
(312,42)	3.0
(312,173)	3.0
(312,285)	10.0
(312,349)	100.0
(312,399)	3.0
(312,679)	3.0
(312,758)	9.0
(312,819)	3.0
(313,7)	19.0
(313,8)	6.0
(313,17)	10.0
(313,28)	3.0
(313,721)	15.0
(313,755)	6.0
(313,770)	3.0
(314,10)	16.0
(314,741)	3.0
(314,784)	16.0
(314,896)	112.0
(315,12)	6.0
(315,13)	6.0
(315,28)	3.0
(315,777)	3.0
(315,781)	6.0
(315,782)	12.0
(316,4)	6.0
(316,13)	12.0
(316,14)	3.0
(316,15)	22.0
(316,18)	3.0
(316,291)	10.0
(316,401)	6.0
(316,484)	3.0
(316,660)	3.0
(316,661)	6.0
(316,721)	100.0
(316,737)	3.0
(316,739)	9.0
(316,780)	19.0
(316,817)	15.0
(316,852)	16.0
(317,4)	6.0
(317,17)	13.0
(317,19)	3.0
(317,20)	6.0
(317,32)	6.0
(317,241)	3.0
(317,660)	10.0
(317,681)	3.0
(317,694)	13.0
(317,738)	3.0
(317,938)	3.0
(318,4)	3.0
(318,22)	3.0
(318,28)	9.0
(318,293)	3.0
(318,404)	3.0
(318,504)	3.0
(318,544)	3.0
(318,749)	3.0
(318,786)	6.0
(318,823)	3.0
(318,852)	3.0
(318,892)	100.0
(318,896)	100.0
(319,3)	3.0
(319,4)	3.0
(319,18)	15.0
(319,23)	9.0
(319,237)	3.0
(319,356)	3.0
(319,542)	10.0
(319,660)	3.0
(319,722)	3.0
(319,777)	109.0
(319,824)	3.0
(319,852)	115.0
(319,898)	6.0
(320,3)	3.0
(320,14)	6.0
(320,18)	3.0
(320,27)	3.0
(320,28)	6.0
(320,198)	3.0
(320,316)	3.0
(320,357)	3.0
(320,730)	3.0
(320,786)	13.0
(321,13)	3.0
(321,25)	6.0
(321,299)	129.0
(321,300)	3.0
(321,316)	20.0
(321,407)	6.0
(321,544)	13.0
(321,788)	3.0
(321,789)	6.0
(321,892)	10.0
(322,13)	6.0
(322,307)	6.0
(322,661)	6.0
(322,724)	6.0
(322,732)	113.0
(322,733)	19.0
(322,798)	9.0
(322,828)	6.0
(322,861)	3.0
(323,11)	3.0
(323,188)	9.0
(323,200)	6.0
(323,314)	23.0
(323,548)	3.0
(323,662)	6.0
(323,680)	3.0
(323,724)	3.0
(323,734)	18.0
(323,801)	15.0
(323,853)	3.0
(324,4)	119.0
(324,9)	3.0
(324,11)	3.0
(324,17)	3.0
(324,192)	3.0
(324,319)	6.0
(324,516)	3.0
(324,584)	3.0
(324,585)	3.0
(324,587)	3.0
(324,662)	3.0
(324,663)	6.0
(324,735)	3.0
(324,806)	3.0
(324,855)	100.0
(324,946)	3.0
(325,197)	6.0
(325,315)	3.0
(325,663)	3.0
(325,726)	3.0
(325,736)	3.0
(325,737)	3.0
(325,779)	3.0
(325,945)	3.0
(326,4)	28.0
(326,8)	3.0
(326,243)	3.0
(326,322)	3.0
(326,664)	6.0
(326,737)	10.0
(327,4)	6.0
(327,16)	3.0
(327,29)	10.0
(327,542)	6.0
(327,671)	100.0
(327,672)	3.0
(327,725)	3.0
(327,737)	6.0
(327,805)	6.0
(327,806)	3.0
(327,811)	3.0
(327,826)	10.0
(327,852)	3.0
(328,4)	9.0
(328,179)	3.0
(328,664)	3.0
(328,665)	3.0
(328,673)	3.0
(328,704)	3.0
(328,724)	9.0
(328,738)	3.0
(329,600)	20.0
(329,665)	6.0
(329,894)	3.0
(330,16)	9.0
(330,723)	3.0
(330,779)	3.0
(330,780)	19.0
(330,806)	6.0
(330,853)	3.0
(331,16)	16.0
(331,240)	3.0
(331,318)	6.0
(331,554)	3.0
(331,666)	28.0
(332,318)	130.0
(332,363)	6.0
(332,507)	6.0
(332,589)	3.0
(332,723)	9.0
(333,319)	6.0
(333,332)	15.0
(333,723)	3.0
(333,740)	6.0
(334,16)	6.0
(334,667)	10.0
(334,723)	12.0
(335,9)	6.0
(335,16)	9.0
(335,17)	3.0
(335,29)	6.0
(335,667)	3.0
(335,723)	6.0
(336,12)	9.0
(336,17)	12.0
(336,335)	6.0
(336,507)	3.0
(337,29)	3.0
(337,723)	3.0
(337,741)	9.0
(337,854)	15.0
(338,7)	103.0
(338,16)	9.0
(338,17)	3.0
(338,29)	6.0
(338,337)	13.0
(338,509)	3.0
(338,669)	3.0
(338,742)	15.0
(338,853)	3.0
(338,927)	3.0
(338,928)	100.0
(339,7)	9.0
(339,19)	46.0
(339,20)	3.0
(339,21)	6.0
(339,243)	13.0
(339,339)	3.0
(339,507)	3.0
(339,510)	3.0
(339,742)	3.0
(339,951)	9.0
(340,239)	3.0
(340,247)	3.0
(340,504)	10.0
(340,505)	