2048 x 2048 sparse matrix, nnz = 7022
(9,703)	3.0
(9,704)	3.0
(9,707)	3.0
(10,704)	3.0
(10,708)	3.0
(12,699)	3.0
(15,715)	3.0
(16,715)	10.0
(21,715)	3.0
(22,683)	3.0
(24,715)	3.0
(27,716)	100.0
(30,685)	6.0
(30,714)	3.0
(31,789)	15.0
(32,685)	3.0
(32,698)	3.0
(32,773)	16.0
(32,777)	6.0
(32,778)	3.0
(32,790)	9.0
(32,791)	3.0
(32,794)	6.0
(32,798)	6.0
(32,807)	3.0
(33,714)	3.0
(33,775)	3.0
(33,779)	3.0
(34,698)	3.0
(34,772)	12.0
(35,676)	6.0
(35,685)	3.0
(35,715)	3.0
(36,772)	6.0
(36,810)	3.0
(37,690)	3.0
(37,772)	3.0
(37,779)	3.0
(38,685)	3.0
(38,716)	9.0
(38,772)	12.0
(38,778)	3.0
(39,684)	16.0
(39,688)	3.0
(39,716)	18.0
(39,818)	3.0
(40,682)	3.0
(40,715)	106.0
(40,716)	42.0
(40,767)	3.0
(40,768)	9.0
(40,771)	6.0
(41,680)	3.0
(41,682)	115.0
(41,717)	21.0
(41,777)	3.0
(42,693)	3.0
(42,694)	9.0
(42,764)	6.0
(42,765)	6.0
(42,776)	3.0
(43,675)	6.0
(43,681)	3.0
(43,696)	24.0
(43,697)	6.0
(43,717)	3.0
(43,775)	3.0
(44,674)	3.0
(44,681)	3.0
(44,824)	3.0
(45,760)	6.0
(46,682)	3.0
(46,736)	3.0
(46,757)	9.0
(47,673)	6.0
(47,682)	3.0
(47,733)	3.0
(48,731)	6.0
(48,739)	3.0
(48,740)	3.0
(49,709)	6.0
(49,731)	3.0
(49,743)	15.0
(49,748)	3.0
(49,822)	6.0
(49,823)	3.0
(50,682)	3.0
(50,702)	3.0
(50,708)	6.0
(50,745)	3.0
(51,672)	3.0
(51,682)	3.0
(51,703)	6.0
(51,722)	3.0
(51,745)	3.0
(52,671)	6.0
(52,682)	3.0
(52,772)	38.0
(52,805)	12.0
(53,708)	9.0
(53,716)	6.0
(53,803)	6.0
(53,829)	6.0
(54,670)	9.0
(54,681)	3.0
(54,717)	12.0
(55,711)	3.0
(55,718)	6.0
(55,723)	3.0
(55,725)	3.0
(55,726)	125.0
(55,727)	12.0
(55,771)	9.0
(56,669)	3.0
(56,728)	3.0
(56,801)	3.0
(57,679)	3.0
(57,769)	9.0
(57,831)	13.0
(58,668)	3.0
(58,679)	6.0
(58,720)	12.0
(58,766)	6.0
(58,767)	3.0
(58,768)	3.0
(58,776)	9.0
(58,797)	6.0
(58,832)	19.0
(58,933)	3.0
(59,678)	3.0
(59,792)	3.0
(59,794)	9.0
(59,795)	3.0
(59,832)	6.0
(60,667)	3.0
(61,678)	3.0
(61,694)	9.0
(61,731)	3.0
(61,831)	12.0
(61,932)	3.0
(62,667)	3.0
(62,678)	6.0
(62,692)	9.0
(62,705)	3.0
(62,763)	3.0
(62,932)	3.0
(63,677)	9.0
(63,683)	9.0
(63,687)	3.0
(63,762)	3.0
(64,667)	3.0
(64,676)	6.0
(64,684)	3.0
(64,685)	3.0
(64,686)	6.0
(64,873)	100.0
(65,673)	3.0
(65,678)	9.0
(65,747)	6.0
(65,748)	3.0
(65,830)	9.0
(66,667)	3.0
(66,678)	24.0
(66,706)	9.0
(66,722)	3.0
(67,666)	3.0
(67,706)	3.0
(67,739)	6.0
(67,740)	3.0
(67,757)	3.0
(67,930)	3.0
(68,831)	203.0
(68,930)	3.0
(69,761)	6.0
(69,763)	6.0
(69,765)	15.0
(69,877)	6.0
(69,926)	10.0
(70,678)	3.0
(70,704)	6.0
(70,764)	3.0
(70,765)	3.0
(70,766)	3.0
(70,929)	12.0
(71,666)	3.0
(71,667)	6.0
(71,678)	3.0
(71,766)	3.0
(71,883)	3.0
(72,668)	6.0
(72,678)	12.0
(72,929)	6.0
(73,668)	103.0
(73,678)	3.0
(73,701)	9.0
(73,716)	3.0
(73,885)	3.0
(74,669)	3.0
(74,679)	9.0
(74,701)	9.0
(74,780)	3.0
(74,923)	3.0
(75,669)	3.0
(75,712)	3.0
(75,728)	6.0
(75,767)	9.0
(75,928)	3.0
(76,679)	12.0
(76,711)	3.0
(76,830)	3.0
(76,891)	3.0
(76,924)	3.0
(77,670)	3.0
(77,680)	6.0
(77,693)	3.0
(77,701)	6.0
(77,768)	3.0
(78,670)	19.0
(78,680)	12.0
(78,701)	12.0
(78,831)	3.0
(79,680)	3.0
(79,687)	3.0
(80,671)	3.0
(80,680)	3.0
(80,769)	3.0
(81,672)	22.0
(81,680)	12.0
(81,720)	3.0
(81,783)	3.0
(81,832)	9.0
(82,673)	15.0
(82,680)	6.0
(82,705)	6.0
(82,707)	9.0
(82,769)	6.0
(83,673)	6.0
(83,680)	6.0
(83,695)	9.0
(83,769)	6.0
(83,833)	9.0
(83,925)	113.0
(84,680)	9.0
(84,695)	3.0
(84,706)	6.0
(84,786)	3.0
(84,833)	3.0
(85,673)	3.0
(85,674)	3.0
(85,769)	3.0
(85,926)	3.0
(86,680)	9.0
(86,681)	22.0
(86,694)	3.0
(86,803)	6.0
(86,804)	3.0
(86,926)	3.0
(87,674)	6.0
(87,689)	6.0
(87,769)	9.0
(87,802)	3.0
(88,674)	3.0
(88,681)	6.0
(88,692)	3.0
(88,795)	6.0
(88,799)	3.0
(88,808)	3.0
(88,810)	3.0
(89,674)	6.0
(89,681)	6.0
(89,684)	9.0
(89,789)	3.0
(89,813)	15.0
(89,887)	3.0
(90,674)	3.0
(90,681)	6.0
(90,694)	3.0
(90,697)	3.0
(90,714)	3.0
(90,770)	3.0
(90,814)	15.0
(90,924)	6.0
(91,674)	3.0
(91,681)	9.0
(91,711)	3.0
(92,674)	3.0
(92,675)	3.0
(92,678)	6.0
(92,680)	12.0
(92,703)	3.0
(93,677)	209.0
(93,680)	6.0
(93,694)	6.0
(93,781)	32.0
(93,782)	3.0
(93,786)	9.0
(93,815)	9.0
(94,675)	3.0
(94,680)	18.0
(94,774)	3.0
(94,780)	6.0
(94,831)	3.0
(95,680)	12.0
(95,774)	18.0
(95,783)	3.0
(95,785)	3.0
(95,815)	3.0
(96,680)	33.0
(96,694)	3.0
(96,816)	9.0
(96,826)	9.0
(97,681)	18.0
(97,767)	3.0
(97,772)	6.0
(97,773)	3.0
(97,816)	3.0
(97,844)	6.0
(98,682)	3.0
(98,766)	3.0
(98,772)	3.0
(98,840)	3.0
(98,881)	3.0
(99,674)	6.0
(99,683)	6.0
(99,771)	3.0
(99,823)	9.0
(100,694)	12.0
(100,766)	3.0
(100,822)	3.0
(100,927)	10.0
(101,683)	3.0
(101,710)	3.0
(101,711)	3.0
(101,766)	6.0
(101,771)	18.0
(101,822)	3.0
(101,838)	9.0
(102,683)	3.0
(102,693)	12.0
(102,713)	6.0
(102,718)	3.0
(102,820)	6.0
(102,833)	3.0
(102,834)	3.0
(102,836)	3.0
(102,854)	6.0
(103,682)	12.0
(103,844)	6.0
(103,847)	30.0
(104,682)	3.0
(104,929)	3.0
(105,681)	22.0
(105,692)	3.0
(105,770)	3.0
(105,821)	3.0
(105,826)	46.0
(105,827)	3.0
(105,848)	6.0
(105,873)	6.0
(106,653)	3.0
(106,681)	3.0
(106,691)	3.0
(106,769)	3.0
(106,808)	3.0
(106,831)	3.0
(106,853)	3.0
(107,654)	3.0
(107,655)	9.0
(107,681)	9.0
(107,689)	3.0
(107,690)	3.0
(107,705)	3.0
(107,874)	3.0
(108,681)	12.0
(108,688)	3.0
(108,767)	3.0
(108,929)	3.0
(109,681)	3.0
(109,806)	3.0
(109,841)	3.0
(110,681)	27.0
(110,691)	3.0
(110,755)	12.0
(110,788)	3.0
(111,656)	3.0
(111,682)	3.0
(111,686)	110.0
(111,755)	6.0
(111,765)	3.0
(111,792)	9.0
(111,829)	6.0
(111,859)	6.0
(112,656)	3.0
(112,682)	18.0
(112,683)	6.0
(112,763)	9.0
(112,777)	3.0
(112,788)	3.0
(112,793)	3.0
(112,796)	3.0
(112,828)	9.0
(112,829)	3.0
(113,682)	6.0
(113,684)	27.0
(113,752)	3.0
(113,762)	3.0
(113,771)	6.0
(113,796)	6.0
(113,859)	3.0
(113,931)	3.0
(114,682)	6.0
(114,684)	3.0
(114,695)	9.0
(114,760)	12.0
(114,761)	3.0
(114,826)	3.0
(115,683)	9.0
(115,688)	12.0
(115,720)	9.0
(115,745)	3.0
(115,758)	110.0
(115,759)	21.0
(115,790)	3.0
(116,683)	21.0
(116,691)	6.0
(116,746)	3.0
(116,750)	3.0
(116,756)	15.0
(116,757)	9.0
(116,861)	3.0
(116,862)	103.0
(117,657)	3.0
(117,683)	21.0
(117,691)	3.0
(117,703)	6.0
(117,721)	3.0
(117,755)	3.0
(117,768)	3.0
(117,825)	6.0
(118,657)	13.0
(118,658)	3.0
(118,684)	9.0
(118,722)	6.0
(118,745)	6.0
(118,746)	9.0
(118,753)	6.0
(118,754)	28.0
(118,755)	3.0
(118,771)	3.0
(118,864)	9.0
(118,928)	3.0
(119,658)	12.0
(119,684)	19.0
(119,705)	6.0
(119,723)	9.0
(119,740)	9.0
(119,747)	9.0
(119,752)	6.0
(119,753)	9.0
(119,762)	12.0
(119,764)	3.0
(119,772)	6.0
(119,774)	3.0
(119,782)	3.0
(119,786)	6.0
(119,846)	3.0
(119,865)	3.0
(120,658)	15.0
(120,684)	15.0
(120,723)	3.0
(120,749)	3.0
(120,751)	12.0
(120,759)	9.0
(120,789)	9.0
(121,658)	3.0
(121,725)	3.0
(121,866)	3.0
(122,659)	18.0
(122,685)	3.0
(122,726)	3.0
(122,739)	6.0
(122,755)	6.0
(122,756)	3.0
(122,826)	3.0
(122,877)	3.0
(123,659)	12.0
(123,685)	9.0
(123,739)	9.0
(123,882)	3.0
(124,659)	3.0
(124,660)	22.0
(124,684)	19.0
(124,685)	18.0
(124,721)	6.0
(124,736)	3.0
(124,745)	12.0
(124,746)	3.0
(124,747)	3.0
(124,886)	6.0
(124,904)	3.0
(124,933)	6.0
(125,660)	9.0
(125,684)	16.0
(125,718)	3.0
(125,742)	3.0
(125,759)	6.0
(125,869)	3.0
(125,870)	9.0
(125,871)	3.0
(125,904)	3.0
(126,660)	30.0
(126,673)	6.0
(126,674)	9.0
(126,675)	3.0
(126,676)	3.0
(126,684)	118.0
(126,734)	100.0
(126,735)	9.0
(126,798)	3.0
(126,812)	6.0
(127,660)	45.0
(127,661)	9.0
(127,669)	18.0
(127,671)	12.0
(127,673)	21.0
(127,678)	13.0
(127,679)	12.0
(127,680)	6.0
(127,684)	3.0
(127,708)	21.0
(127,715)	6.0
(127,735)	18.0
(127,873)	3.0
(127,888)	3.0
(127,894)	6.0
(128,661)	6.0
(128,665)	3.0
(128,666)	6.0
(128,668)	9.0
(128,682)	3.0
(128,684)	30.0
(128,709)	3.0
(128,735)	18.0
(128,871)	10.0
(128,875)	6.0
(128,919)	33.0
(128,920)	6.0
(129,660)	9.0
(129,661)	15.0
(129,662)	16.0
(129,663)	3.0
(129,664)	3.0
(129,685)	15.0
(129,686)	24.0
(129,690)	3.0
(129,697)	6.0
(129,698)	3.0
(129,699)	21.0
(129,701)	22.0
(129,712)	15.0
(129,734)	10.0
(129,918)	3.0
(129,930)	6.0
(130,657)	12.0
(130,658)	12.0
(130,659)	3.0
(130,686)	6.0
(130,687)	6.0
(130,688)	3.0
(130,689)	3.0
(130,691)	6.0
(130,702)	3.0
(130,710)	12.0
(130,711)	3.0
(130,733)	3.0
(130,881)	3.0
(130,916)	3.0
(131,654)	3.0
(131,655)	3.0
(131,694)	9.0
(131,731)	3.0
(131,732)	18.0
(131,825)	10.0
(131,884)	12.0
(131,885)	6.0
(131,902)	3.0
(131,903)	3.0
(131,904)	6.0
(131,916)	18.0
(132,652)	6.0
(132,653)	6.0
(132,692)	21.0
(132,693)	12.0
(132,731)	6.0
(132,853)	6.0
(132,896)	3.0
(132,915)	3.0
(133,652)	15.0
(133,704)	3.0
(133,712)	3.0
(133,729)	6.0
(133,730)	6.0
(133,733)	12.0
(133,826)	3.0
(133,893)	6.0
(133,908)	3.0
(133,912)	20.0
(133,913)	3.0
(134,651)	6.0
(134,713)	15.0
(134,725)	3.0
(134,726)	6.0
(134,734)	6.0
(134,758)	3.0
(134,936)	3.0
(135,585)	6.0
(135,591)	3.0
(135,650)	3.0
(135,906)	3.0
(135,907)	3.0
(136,650)	6.0
(136,735)	6.0
(136,900)	3.0
(136,934)	6.0
(136,952)	6.0
(136,957)	3.0
(137,595)	6.0
(137,649)	9.0
(137,717)	3.0
(137,722)	6.0
(137,735)	3.0
(137,935)	3.0
(137,961)	3.0
(138,583)	6.0
(138,715)	6.0
(138,719)	6.0
(138,735)	6.0
(138,870)	3.0
(138,898)	3.0
(138,949)	6.0
(138,950)	12.0
(139,648)	3.0
(139,789)	3.0
(139,805)	6.0
(139,897)	100.0
(139,936)	3.0
(139,937)	9.0
(140,711)	3.0
(140,805)	3.0
(140,897)	9.0
(140,937)	3.0
(140,941)	3.0
(141,602)	3.0
(141,603)	6.0
(141,646)	6.0
(141,742)	3.0
(141,786)	3.0
(141,816)	3.0
(141,832)	3.0
(141,860)	3.0
(141,946)	9.0
(142,578)	6.0
(142,646)	3.0
(142,716)	3.0
(142,762)	3.0
(142,768)	3.0
(142,784)	106.0
(142,807)	100.0
(143,645)	12.0
(143,715)	3.0
(143,966)	3.0
(144,740)	3.0
(144,947)	9.0
(145,743)	16.0
(145,820)	3.0
(145,948)	6.0
(145,949)	3.0
(146,643)	6.0
(146,715)	9.0
(146,748)	6.0
(146,820)	9.0
(146,964)	3.0
(146,965)	3.0
(146,967)	6.0
(146,969)	3.0
(146,972)	6.0
(146,973)	12.0
(147,642)	9.0
(147,714)	3.0
(147,749)	24.0
(147,900)	6.0
(147,949)	3.0
(147,975)	3.0
(148,607)	3.0
(148,714)	6.0
(148,948)	12.0
(148,976)	3.0
(149,641)	24.0
(150,640)	3.0
(150,713)	3.0
(150,719)	3.0
(150,945)	106.0
(151,712)	6.0
(151,824)	6.0
(151,978)	3.0
(151,980)	6.0
(152,640)	15.0
(152,710)	6.0
(152,711)	3.0
(152,832)	3.0
(152,870)	3.0
(152,896)	3.0
(152,897)	103.0
(153,639)	12.0
(153,710)	3.0
(153,712)	6.0
(153,713)	3.0
(154,612)	3.0
(154,639)	9.0
(154,714)	3.0
(154,876)	9.0
(154,982)	3.0
(154,983)	3.0
(154,994)	6.0
(154,1004)	3.0
(155,715)	9.0
(155,716)	9.0
(155,740)	6.0
(155,849)	12.0
(155,994)	3.0
(156,579)	3.0
(156,585)	18.0
(156,586)	3.0
(156,588)	3.0
(156,591)	3.0
(156,596)	6.0
(156,597)	3.0
(156,630)	12.0
(156,631)	9.0
(156,709)	6.0
(156,717)	27.0
(156,718)	35.0
(156,986)	9.0
(157,573)	6.0
(157,574)	10.0
(157,626)	6.0
(157,628)	3.0
(157,629)	23.0
(157,637)	26.0
(157,638)	6.0
(157,718)	3.0
(157,719)	126.0
(157,720)	9.0
(157,736)	10.0
(157,739)	6.0
(157,988)	3.0
(158,577)	6.0
(158,613)	3.0
(158,615)	6.0
(158,616)	6.0
(158,618)	3.0
(158,619)	9.0
(158,620)	12.0
(158,621)	3.0
(158,622)	3.0
(158,623)	6.0
(158,721)	3.0
(158,722)	24.0
(158,723)	3.0
(158,724)	12.0
(158,838)	3.0
(159,580)	3.0
(159,612)	3.0
(159,716)	3.0
(159,725)	103.0
(159,726)	6.0
(159,728)	3.0
(159,883)	9.0
(159,940)	6.0
(160,709)	15.0
(160,717)	3.0
(160,729)	21.0
(160,731)	6.0
(160,844)	10.0
(160,884)	3.0
(160,991)	9.0
(161,709)	3.0
(161,719)	9.0
(161,720)	3.0
(161,732)	27.0
(161,733)	6.0
(161,828)	12.0
(161,939)	9.0
(162,638)	9.0
(162,733)	6.0
(162,734)	3.0
(162,885)	3.0
(162,994)	3.0
(162,995)	3.0
(163,583)	3.0
(163,635)	3.0
(163,638)	3.0
(163,735)	3.0
(164,728)	3.0
(164,737)	16.0
(165,584)	3.0
(165,731)	3.0
(165,739)	6.0
(165,756)	3.0
(165,813)	3.0
(165,932)	100.0
(165,952)	3.0
(165,997)	6.0
(166,708)	12.0
(166,740)	16.0
(166,935)	13.0
(166,1012)	12.0
(167,741)	15.0
(167,830)	3.0
(167,926)	9.0
(167,1005)	3.0
(167,1006)	3.0
(168,633)	36.0
(168,638)	103.0
(168,708)	3.0
(168,742)	6.0
(168,765)	6.0
(168,830)	9.0
(168,996)	3.0
(168,1013)	6.0
(169,587)	100.0
(169,707)	3.0
(169,742)	61.0
(169,810)	3.0
(169,1014)	9.0
(169,1015)	3.0
(170,632)	6.0
(170,637)	13.0
(170,707)	6.0
(170,830)	3.0
(170,831)	3.0
(170,996)	3.0
(170,1020)	9.0
(171,744)	109.0
(171,745)	3.0
(171,783)	3.0
(171,1009)	9.0
(171,1023)	9.0
(172,706)	3.0
(172,745)	13.0
(172,746)	3.0
(172,757)	3.0
(172,783)	3.0
(172,997)	3.0
(172,1026)	3.0
(173,746)	3.0
(173,747)	18.0
(174,748)	6.0
(174,908)	3.0
(174,1013)	206.0
(174,1033)	110.0
(175,630)	9.0
(175,748)	10.0
(175,749)	3.0
(175,999)	6.0
(175,1013)	3.0
(175,1033)	3.0
(176,629)	3.0
(176,657)	6.0
(176,658)	6.0
(176,659)	9.0
(176,703)	3.0
(176,749)	6.0
(176,750)	15.0
(176,827)	3.0
(176,877)	3.0
(177,628)	3.0
(177,629)	100.0
(177,633)	3.0
(177,634)	3.0
(177,655)	9.0
(177,702)	6.0
(177,750)	6.0
(177,904)	13.0
(178,627)	3.0
(178,633)	10.0
(178,637)	103.0
(178,651)	12.0
(178,652)	6.0
(178,702)	3.0
(178,751)	9.0
(178,752)	9.0
(178,783)	19.0
(178,1016)	6.0
(179,627)	3.0
(179,632)	12.0
(179,634)	3.0
(179,636)	31.0
(179,637)	3.0
(179,638)	9.0
(179,643)	3.0
(179,789)	6.0
(179,826)	19.0
(180,627)	6.0
(180,630)	3.0
(180,632)	3.0
(180,700)	3.0
(180,754)	6.0
(180,941)	3.0
(180,1004)	6.0
(180,1030)	3.0
(181,626)	115.0
(181,627)	30.0
(181,628)	3.0
(181,647)	3.0
(182,597)	6.0
(182,646)	9.0
(182,647)	3.0
(182,823)	3.0
(182,824)	12.0
(182,1031)	9.0
(182,1050)	6.0
(183,621)	3.0
(183,626)	3.0
(183,645)	6.0
(183,646)	6.0
(183,697)	3.0
(183,755)	3.0
(183,1022)	10.0
(183,1030)	6.0
(184,616)	3.0
(184,643)	10.0
(184,644)	3.0
(184,756)	9.0
(184,779)	3.0
(184,821)	3.0
(184,1023)	3.0
(185,614)	3.0
(185,645)	9.0
(185,696)	19.0
(185,820)	109.0
(185,1030)	3.0
(186,583)	3.0
(186,595)	3.0
(186,612)	9.0
(186,613)	3.0
(186,614)	3.0
(186,641)	6.0
(186,642)	6.0
(186,758)	6.0
(187,592)	12.0
(187,606)	12.0
(187,611)	3.0
(187,612)	6.0
(187,645)	3.0
(187,919)	3.0
(187,1055)	3.0
(188,607)	3.0
(188,610)	3.0
(188,638)	6.0
(188,792)	6.0
(188,817)	16.0
(189,647)	3.0
(189,761)	6.0
(189,778)	3.0
(189,817)	3.0
(190,607)	3.0
(190,631)	3.0
(190,634)	9.0
(190,761)	6.0
(190,817)	3.0
(191,604)	3.0
(191,605)	6.0
(191,649)	3.0
(191,817)	6.0
(192,763)	19.0
(192,893)	3.0
(192,1058)	3.0
(193,626)	3.0
(193,690)	6.0
(193,765)	3.0
(193,776)	3.0
(193,892)	3.0
(193,1026)	3.0
(194,580)	6.0
(194,651)	3.0
(194,766)	3.0
(194,767)	3.0
(194,818)	9.0
(194,1026)	12.0
(195,626)	3.0
(195,689)	6.0
(195,800)	9.0
(195,816)	3.0
(195,818)	3.0
(195,890)	3.0
(195,1093)	3.0
(196,626)	3.0
(196,651)	9.0
(196,688)	3.0
(196,768)	16.0
(196,769)	6.0
(196,817)	3.0
(196,925)	6.0
(196,1003)	3.0
(196,1060)	6.0
(197,770)	6.0
(197,890)	3.0
(197,1003)	3.0
(198,771)	15.0
(198,772)	6.0
(198,821)	12.0
(198,865)	3.0
(198,1033)	3.0
(198,1036)	10.0
(198,1037)	3.0
(198,1061)	6.0
(199,687)	15.0
(199,772)	3.0
(199,847)	3.0
(199,850)	130.0
(199,855)	3.0
(199,862)	39.0
(199,1005)	3.0
(199,1023)	13.0
(199,1061)	3.0
(200,604)	3.0
(200,686)	3.0
(200,773)	6.0
(200,775)	6.0
(200,815)	25.0
(200,819)	3.0
(200,846)	3.0
(200,853)	3.0
(200,856)	16.0
(200,858)	3.0
(200,862)	3.0
(200,882)	3.0
(200,931)	3.0
(200,1062)	3.0
(201,605)	3.0
(201,813)	12.0
(201,827)	3.0
(201,829)	3.0
(201,830)	3.0
(201,886)	3.0
(201,887)	6.0
(201,932)	3.0
(201,1022)	10.0
(201,1041)	3.0
(202,6)	3.0
(202,685)	3.0
(202,778)	15.0
(202,825)	3.0
(202,826)	6.0
(202,842)	12.0
(202,1063)	3.0
(202,1092)	3.0
(203,778)	12.0
(203,779)	3.0
(203,800)	110.0
(203,1063)	9.0
(204,603)	3.0
(204,606)	3.0
(204,779)	3.0
(204,780)	12.0
(204,884)	3.0
(204,985)	6.0
(204,1020)	6.0
(204,1021)	9.0
(204,1044)	12.0
(205,602)	3.0
(205,614)	3.0
(205,783)	9.0
(205,1018)	18.0
(205,1091)	36.0
(206,685)	3.0
(206,783)	16.0
(206,883)	3.0
(206,967)	3.0
(206,968)	3.0
(206,969)	3.0
(206,1046)	3.0
(207,627)	3.0
(207,653)	3.0
(207,685)	3.0
(207,784)	9.0
(207,803)	3.0
(207,961)	6.0
(207,963)	3.0
(207,971)	3.0
(207,975)	100.0
(207,993)	6.0
(207,1092)	3.0
(207,1093)	9.0
(208,602)	3.0
(208,616)	100.0
(208,802)	3.0
(208,805)	9.0
(208,973)	9.0
(208,995)	6.0
(208,999)	23.0
(209,617)	10.0
(209,627)	6.0
(209,651)	3.0
(209,652)	6.0
(209,684)	3.0
(209,789)	10.0
(209,805)	3.0
(209,934)	12.0
(209,1092)	13.0
(210,938)	3.0
(210,1008)	100.0
(210,1009)	3.0
(210,1067)	16.0
(211,684)	3.0
(211,793)	10.0
(211,794)	6.0
(211,795)	3.0
(211,798)	9.0
(211,800)	3.0
(211,801)	3.0
(211,806)	12.0
(211,1004)	3.0
(211,1007)	6.0
(212,802)	3.0
(212,879)	3.0
(212,943)	3.0
(212,961)	6.0
(212,1006)	6.0
(213,683)	3.0
(213,806)	12.0
(213,807)	20.0
(213,946)	16.0
(213,957)	3.0
(213,958)	15.0
(213,963)	13.0
(213,1013)	3.0
(213,1093)	6.0
(214,604)	3.0
(214,618)	10.0
(214,628)	3.0
(214,645)	3.0
(214,683)	3.0
(214,878)	6.0
(214,926)	3.0
(214,932)	3.0
(214,965)	3.0
(214,966)	6.0
(214,1068)	3.0
(214,1070)	9.0
(215,604)	100.0
(215,619)	3.0
(215,675)	3.0
(215,682)	3.0
(215,807)	6.0
(215,877)	106.0
(215,884)	3.0
(215,889)	3.0
(215,967)	15.0
(215,1013)	3.0
(215,1058)	3.0
(216,628)	110.0
(216,674)	3.0
(216,876)	6.0
(216,884)	19.0
(216,887)	3.0
(216,969)	3.0
(216,1013)	3.0
(216,1060)	3.0
(217,619)	13.0
(217,628)	6.0
(217,672)	3.0
(217,807)	13.0
(217,871)	9.0
(217,898)	6.0
(217,973)	6.0
(218,605)	106.0
(218,672)	6.0
(218,772)	10.0
(218,923)	3.0
(219,605)	3.0
(219,639)	9.0
(219,670)	3.0
(219,671)	12.0
(219,771)	12.0
(219,807)	213.0
(219,813)	6.0
(219,911)	6.0
(219,1075)	110.0
(220,596)	3.0
(220,638)	20.0
(220,639)	3.0
(220,910)	3.0
(220,979)	32.0
(220,1064)	3.0
(221,637)	100.0
(221,818)	6.0
(221,904)	3.0
(221,908)	3.0
(221,922)	16.0
(221,982)	16.0
(222,622)	3.0
(222,628)	6.0
(222,677)	3.0
(222,808)	3.0
(222,821)	3.0
(222,922)	3.0
(223,593)	6.0
(223,622)	3.0
(223,635)	15.0
(223,808)	3.0
(223,920)	6.0
(223,987)	3.0
(223,1016)	3.0
(223,1067)	6.0
(224,591)	3.0
(224,605)	10.0
(224,622)	3.0
(224,665)	3.0
(224,822)	18.0
(224,823)	6.0
(224,835)	3.0
(224,836)	6.0
(224,837)	16.0
(224,864)	3.0
(224,987)	103.0
(224,988)	3.0
(224,989)	126.0
(224,1019)	3.0
(224,1081)	3.0
(225,12)	3.0
(225,606)	29.0
(225,629)	3.0
(225,633)	3.0
(225,663)	10.0
(225,809)	3.0
(225,810)	3.0
(225,824)	29.0
(225,825)	15.0
(225,826)	6.0
(225,831)	3.0
(225,838)	12.0
(225,991)	6.0
(225,1070)	3.0
(226,15)	3.0
(226,596)	3.0
(226,606)	9.0
(226,663)	3.0
(226,682)	3.0
(226,811)	3.0
(226,829)	9.0
(226,830)	18.0
(226,831)	3.0
(226,839)	6.0
(226,926)	3.0
(227,606)	6.0
(227,621)	3.0
(227,661)	3.0
(227,799)	3.0
(227,863)	9.0
(228,629)	3.0
(228,632)	6.0
(228,660)	3.0
(228,677)	3.0
(228,840)	3.0
(228,916)	3.0
(228,1070)	9.0
(228,1073)	3.0
(229,599)	3.0
(229,629)	3.0
(229,631)	6.0
(229,658)	9.0
(229,666)	3.0
(229,812)	6.0
(229,840)	6.0
(229,1075)	6.0
(230,607)	3.0
(230,622)	6.0
(230,631)	6.0
(230,841)	15.0
(230,861)	6.0
(230,919)	6.0
(230,1069)	3.0
(230,1070)	9.0
(230,1076)	12.0
(231,629)	9.0
(231,655)	6.0
(231,697)	9.0
(231,841)	6.0
(231,859)	12.0
(231,1068)	23.0
(231,1078)	10.0
(232,600)	3.0
(232,814)	6.0
(232,842)	3.0
(232,858)	3.0
(232,917)	3.0
(232,1003)	15.0
(232,1067)	3.0
(233,608)	20.0
(233,622)	3.0
(233,640)	3.0
(233,856)	6.0
(233,933)	3.0
(233,1003)	27.0
(234,629)	3.0
(234,638)	3.0
(234,665)	3.0
(234,677)	3.0
(234,815)	3.0
(234,854)	3.0
(234,934)	6.0
(234,1005)	3.0
(234,1141)	9.0
(235,624)	3.0
(235,625)	3.0
(235,629)	6.0
(235,844)	15.0
(235,1006)	6.0
(236,623)	9.0
(236,675)	3.0
(236,815)	3.0
(236,816)	6.0
(236,910)	6.0
(236,1082)	3.0
(236,1140)	3.0
(237,626)	6.0
(237,682)	6.0
(237,816)	3.0
(237,852)	3.0
(237,1026)	3.0
(238,672)	3.0
(238,849)	3.0
(238,1027)	3.0
(238,1068)	9.0
(238,1140)	12.0
(239,625)	3.0
(239,629)	3.0
(239,817)	3.0
(239,914)	9.0
(239,1011)	9.0
(239,1012)	3.0
(240,625)	6.0
(240,631)	109.0
(240,663)	3.0
(240,667)	12.0
(240,765)	12.0
(240,848)	9.0
(240,935)	6.0
(240,936)	3.0
(240,1155)	3.0
(241,625)	3.0
(241,629)	12.0
(241,630)	3.0
(241,818)	3.0
(241,937)	10.0
(241,1015)	3.0
(241,1137)	6.0
(242,620)	3.0
(242,624)	3.0
(242,625)	3.0
(242,627)	6.0
(242,655)	6.0
(242,663)	3.0
(242,704)	12.0
(242,845)	3.0
(242,1030)	3.0
(242,1068)	6.0
(243,615)	3.0
(243,617)	6.0
(243,618)	3.0
(243,619)	3.0
(243,621)	6.0
(243,654)	6.0
(243,705)	3.0
(243,818)	16.0
(243,844)	3.0
(243,851)	9.0
(243,1153)	3.0
(243,1154)	3.0
(244,29)	9.0
(244,628)	3.0
(244,653)	3.0
(244,679)	6.0
(244,819)	20.0
(244,843)	3.0
(244,940)	3.0
(244,1070)	6.0
(244,1153)	3.0
(245,628)	21.0
(245,708)	19.0
(245,709)	3.0
(245,716)	10.0
(245,726)	6.0
(245,738)	6.0
(245,741)	106.0
(245,746)	3.0
(245,757)	13.0
(245,759)	110.0
(245,762)	9.0
(245,765)	6.0
(245,843)	3.0
(245,908)	3.0
(246,29)	6.0
(246,820)	3.0
(246,855)	6.0
(246,1021)	3.0
(246,1022)	3.0
(247,382)	3.0
(247,628)	3.0
(247,663)	3.0
(247,820)	3.0
(247,841)	3.0
(247,907)	3.0
(247,1023)	116.0
(247,1033)	3.0
(248,581)	19.0
(248,610)	12.0
(248,767)	3.0
(248,851)	20.0
(248,855)	6.0
(248,1025)	6.0
(248,1035)	6.0
(249,680)	100.0
(249,768)	3.0
(249,769)	3.0
(249,1923)	3.0
(250,377)	3.0
(250,761)	3.0
(250,821)	12.0
(250,856)	12.0
(250,1927)	6.0
(251,622)	9.0
(251,624)	100.0
(251,627)	3.0
(251,633)	3.0
(251,637)	12.0
(251,643)	3.0
(251,837)	110.0
(251,838)	3.0
(251,1038)	3.0
(251,1115)	6.0
(251,1151)	3.0
(252,626)	3.0
(252,769)	6.0
(252,822)	3.0
(252,837)	209.0
(252,852)	9.0
(252,858)	9.0
(252,942)	3.0
(252,1887)	3.0
(252,1888)	6.0
(252,1890)	3.0
(252,1897)	3.0
(253,663)	6.0
(253,769)	3.0
(253,859)	6.0
(253,906)	3.0
(253,1031)	3.0
(253,1110)	3.0
(253,1114)	10.0
(253,1886)	3.0
(253,1930)	6.0
(253,1933)	406.0
(254,852)	3.0
(254,1041)	10.0
(254,1044)	6.0
(254,1045)	6.0
(254,1047)	3.0
(255,628)	100.0
(255,760)	3.0
(255,828)	6.0
(255,860)	3.0
(255,945)	20.0
(255,1034)	3.0
(255,1036)	3.0
(255,1113)	6.0
(255,1238)	3.0
(255,1239)	6.0
(255,1913)	6.0
(255,1915)	3.0
(255,1916)	6.0
(256,381)	10.0
(256,382)	3.0
(256,769)	10.0
(256,906)	3.0
(256,945)	10.0
(256,1048)	6.0
(256,1112)	3.0
(256,1915)	3.0
(256,1936)	15.0
(257,610)	3.0
(257,759)	100.0
(257,832)	9.0
(257,949)	6.0
(257,1045)	3.0
(257,1111)	6.0
(258,26)	9.0
(258,610)	3.0
(258,781)	6.0
(258,1937)	13.0
(259,382)	9.0
(259,610)	100.0
(259,914)	15.0
(259,994)	3.0
(259,1042)	3.0
(259,1058)	3.0
(259,1060)	3.0
(259,1062)	3.0
(259,1066)	9.0
(259,1068)	3.0
(259,1069)	3.0
(259,1085)	6.0
(260,610)	9.0
(260,629)	3.0
(260,662)	3.0
(260,757)	3.0
(260,996)	3.0
(260,1063)	6.0
(260,1940)	100.0
(261,382)	3.0
(261,595)	3.0
(261,1106)	3.0
(261,1121)	3.0
(262,372)	20.0
(262,771)	3.0
(262,1000)	3.0
(262,1075)	3.0
(262,1122)	6.0
(262,1123)	22.0
(262,1124)	9.0
(262,1126)	3.0
(262,1127)	3.0
(262,1128)	3.0
(262,1142)	6.0
(262,1144)	3.0
(262,1146)	6.0
(263,771)	3.0
(263,837)	3.0
(263,865)	9.0
(263,905)	3.0
(263,955)	3.0
(263,1076)	6.0
(263,1079)	3.0
(263,1080)	9.0
(263,1113)	6.0
(263,1130)	6.0
(263,1147)	3.0
(263,1943)	3.0
(264,772)	3.0
(264,1012)	100.0
(264,1013)	3.0
(264,1085)	3.0
(264,1111)	13.0
(264,1133)	6.0
(264,1134)	100.0
(264,1151)	3.0
(264,1271)	9.0
(264,1913)	6.0
(265,570)	3.0
(265,592)	3.0
(265,612)	6.0
(265,854)	6.0
(265,914)	3.0
(265,1081)	3.0
(265,1152)	3.0
(265,1205)	3.0
(265,1270)	6.0
(266,678)	6.0
(266,774)	27.0
(266,868)	3.0
(266,903)	9.0
(266,914)	6.0
(266,1021)	3.0
(266,1083)	16.0
(266,1084)	3.0
(266,1085)	3.0
(266,1110)	3.0
(266,1153)	3.0
(266,1268)	15.0
(267,30)	3.0
(267,383)	10.0
(267,612)	6.0
(267,629)	3.0
(267,869)	6.0
(267,903)	6.0
(267,1033)	6.0
(267,1086)	3.0
(267,1108)	21.0
(267,1109)	6.0
(267,1253)	3.0
(267,1276)	9.0
(267,1913)	6.0
(267,1938)	3.0
(267,1944)	3.0
(268,677)	3.0
(268,777)	3.0
(268,1024)	6.0
(268,1087)	18.0
(268,1088)	3.0
(268,1107)	9.0
(268,1937)	3.0
(269,677)	12.0
(269,778)	3.0
(269,1025)	13.0
(269,1034)	3.0
(269,1056)	3.0
(269,1088)	6.0
(269,1157)	6.0
(270,628)	18.0
(270,780)	10.0
(270,1026)	3.0
(270,1089)	32.0
(270,1091)	6.0
(270,1092)	3.0
(270,1093)	9.0
(271,781)	15.0
(271,782)	3.0
(271,845)	3.0
(271,1094)	9.0
(271,1095)	21.0
(271,1096)	9.0
(271,1098)	3.0
(271,1099)	3.0
(271,1913)	3.0
(272,784)	6.0
(272,844)	3.0
(272,903)	3.0
(272,1031)	3.0
(272,1203)	12.0
(272,1254)	3.0
(272,1276)	9.0
(273,746)	3.0
(273,785)	10.0
(273,846)	3.0
(273,1029)	3.0
(273,1212)	3.0
(274,33)	3.0
(274,590)	3.0
(274,786)	37.0
(274,787)	13.0
(274,788)	6.0
(274,791)	6.0
(274,902)	6.0
(274,1027)	3.0
(274,1056)	6.0
(274,1097)	3.0
(274,1912)	3.0
(274,1937)	3.0
(275,33)	3.0
(275,555)	3.0
(275,787)	6.0
(275,900)	3.0
(275,913)	3.0
(275,1152)	9.0
(275,1197)	3.0
(276,795)	6.0
(276,848)	6.0
(276,849)	62.0
(276,874)	3.0
(276,1165)	6.0
(276,1193)	6.0
(276,1916)	6.0
(277,743)	100.0
(277,796)	3.0
(277,1189)	9.0
(278,628)	3.0
(278,674)	123.0
(278,800)	6.0
(278,874)	103.0
(278,1186)	3.0
(278,1187)	9.0
(278,1286)	10.0
(278,1875)	3.0
(278,1877)	3.0
(278,1882)	3.0
(278,1953)	3.0
(279,1023)	3.0
(279,1287)	6.0
(279,1873)	30.0
(279,1878)	3.0
(279,1894)	3.0
(279,1912)	3.0
(279,1942)	3.0
(280,414)	3.0
(280,628)	6.0
(280,875)	3.0
(280,1872)	3.0
(280,1896)	3.0
(280,1955)	3.0
(281,1180)	103.0
(281,1181)	9.0
(281,1888)	27.0
(282,629)	3.0
(282,835)	3.0
(282,886)	3.0
(282,1079)	3.0
(282,1178)	9.0
(282,1179)	6.0
(282,1820)	15.0
(282,1822)	3.0
(282,1824)	3.0
(282,1865)	3.0
(282,1879)	6.0
(282,1907)	6.0
(282,1943)	3.0
(282,1956)	3.0
(283,741)	3.0
(283,803)	3.0
(283,805)	6.0
(283,1064)	3.0
(283,1176)	103.0
(283,1817)	120.0
(283,1818)	6.0
(283,1828)	29.0
(283,1829)	3.0
(283,1903)	6.0
(284,620)	12.0
(284,629)	12.0
(284,802)	100.0
(284,877)	3.0
(284,878)	3.0
(284,1053)	3.0
(284,1072)	3.0
(284,1172)	6.0
(284,1173)	12.0
(284,1289)	3.0
(284,1294)	16.0
(284,1813)	6.0
(284,1815)	3.0
(284,1816)	12.0
(284,1817)	6.0
(284,1831)	100.0
(284,1858)	6.0
(284,1868)	6.0
(284,1900)	3.0
(285,32)	3.0
(285,861)	6.0
(285,878)	215.0
(285,904)	18.0
(285,1019)	19.0
(285,1259)	3.0
(285,1296)	9.0
(285,1809)	6.0
(285,1810)	9.0
(285,1811)	119.0
(285,1812)	3.0
(285,1835)	9.0
(285,1856)	203.0
(285,1859)	3.0
(285,1902)	3.0
(286,629)	3.0
(286,800)	12.0
(286,900)	6.0
(286,1092)	10.0
(286,1100)	3.0
(286,1254)	3.0
(286,1258)	3.0
(286,1296)	6.0
(286,1298)	3.0
(286,1300)	9.0
(286,1854)	3.0
(286,1861)	3.0
(286,1958)	100.0
(287,800)	6.0
(287,1058)	3.0
(287,1301)	3.0
(287,1302)	3.0
(287,1303)	18.0
(287,1802)	3.0
(287,1804)	9.0
(287,1835)	6.0
(287,1839)	9.0
(287,1861)	3.0
(288,33)	9.0
(288,863)	6.0
(288,880)	21.0
(288,881)	12.0
(288,1019)	3.0
(288,1797)	3.0
(288,1798)	3.0
(288,1842)	6.0
(288,1861)	3.0
(288,1865)	3.0
(289,738)	3.0
(289,1089)	3.0
(289,1098)	3.0
(289,1306)	6.0
(289,1802)	3.0
(289,1831)	24.0
(289,1850)	15.0
(289,1852)	3.0
(289,1853)	6.0
(289,1861)	6.0
(289,1862)	6.0
(290,275)	3.0
(290,622)	6.0
(290,630)	3.0
(290,864)	6.0
(290,884)	3.0
(290,1102)	3.0
(290,1796)	18.0
(290,1802)	6.0
(290,1879)	3.0
(291,271)	3.0
(291,280)	3.0
(291,282)	3.0
(291,291)	19.0
(291,672)	6.0
(291,798)	6.0
(291,806)	12.0
(291,865)	6.0
(291,1088)	6.0
(291,1102)	9.0
(291,1103)	3.0
(291,1309)	3.0
(291,1754)	3.0
(291,1760)	3.0
(291,1803)	3.0
(291,1861)	9.0
(292,293)	3.0
(292,630)	3.0
(292,651)	6.0
(292,1762)	6.0
(292,1823)	9.0
(292,1865)	3.0
(293,865)	3.0
(293,889)	6.0
(293,902)	3.0
(293,1105)	6.0
(293,1756)	121.0
(293,1757)	6.0
(293,1763)	10.0
(293,1844)	3.0
(293,1845)	3.0
(293,1860)	6.0
(294,252)	3.0
(294,258)	3.0
(294,265)	3.0
(294,295)	3.0
(294,866)	9.0
(294,974)	3.0
(294,1105)	3.0
(294,1314)	3.0
(294,1372)	6.0
(294,1755)	6.0
(294,1758)	3.0
(294,1765)	3.0
(294,1865)	3.0
(295,806)	3.0
(295,866)	3.0
(295,1106)	9.0
(295,1316)	12.0
(295,1767)	6.0
(295,1812)	6.0
(295,1813)	3.0
(295,1814)	3.0
(295,1839)	3.0
(295,1840)	3.0
(296,623)	446.0
(296,671)	6.0
(296,868)	31.0
(296,1107)	21.0
(296,1232)	3.0
(296,1318)	3.0
(296,1319)	9.0
(296,1772)	3.0
(296,1788)	6.0
(296,1796)	3.0
(296,1798)	3.0
(296,1804)	9.0
(296,1839)	12.0
(296,1866)	12.0
(297,623)	9.0
(297,765)	3.0
(297,1319)	3.0
(297,1325)	3.0
(297,1327)	3.0
(297,1772)	6.0
(297,1773)	6.0
(297,1775)	3.0
(297,1787)	3.0
(297,1802)	3.0
(297,1803)	6.0
(297,1804)	3.0
(297,1866)	6.0
(297,1879)	3.0
(298,298)	10.0
(298,869)	3.0
(298,902)	10.0
(298,1109)	15.0
(298,1318)	12.0
(298,1333)	12.0
(298,1752)	6.0
(298,1785)	3.0
(298,1786)	3.0
(298,1791)	6.0
(298,1804)	3.0
(298,1838)	9.0
(299,806)	100.0
(299,891)	9.0
(299,1091)	9.0
(299,1111)	13.0
(299,1112)	33.0
(299,1113)	3.0
(299,1337)	6.0
(299,1341)	6.0
(299,1763)	29.0
(299,1779)	3.0
(299,1780)	3.0
(299,1781)	100.0
(299,1789)	3.0
(299,1804)	6.0
(299,1867)	3.0
(299,1878)	3.0
(300,415)	3.0
(300,555)	9.0
(300,625)	3.0
(300,870)	6.0
(300,1189)	6.0
(300,1754)	6.0
(300,1766)	6.0
(300,1786)	3.0
(300,1787)	3.0
(300,1856)	24.0
(301,398)	3.0
(301,405)	9.0
(301,406)	3.0
(301,451)	3.0
(301,648)	10.0
(301,670)	6.0
(301,871)	12.0
(301,892)	6.0
(301,893)	3.0
(301,900)	6.0
(301,1090)	3.0
(301,1095)	3.0
(301,1117)	3.0
(301,1118)	3.0
(301,1749)	3.0
(301,1766)	3.0
(301,1803)	3.0
(301,1833)	15.0
(302,556)	6.0
(302,894)	3.0
(302,895)	6.0
(302,1095)	3.0
(302,1316)	3.0
(302,1349)	3.0
(302,1361)	3.0
(302,1768)	3.0
(302,1769)	3.0
(302,1779)	9.0
(302,1780)	3.0
(302,1781)	110.0
(302,1788)	3.0
(302,1830)	3.0
(302,1831)	3.0
(302,1832)	18.0
(302,1868)	12.0
(303,36)	6.0
(303,411)	106.0
(303,413)	15.0
(303,414)	3.0
(303,451)	3.0
(303,452)	18.0
(303,491)	100.0
(303,626)	3.0
(303,794)	3.0
(303,810)	9.0
(303,872)	3.0
(303,1015)	9.0
(303,1096)	3.0
(303,1107)	10.0
(303,1316)	3.0
(303,1350)	3.0
(303,1351)	21.0
(303,1352)	3.0
(303,1363)	3.0
(303,1758)	3.0
(303,1770)	12.0
(303,1804)	6.0
(303,1827)	6.0
(304,36)	6.0
(304,58)	3.0
(304,454)	3.0
(304,811)	6.0
(304,897)	3.0
(304,898)	3.0
(304,978)	9.0
(304,1015)	100.0
(304,1084)	19.0
(304,1257)	6.0
(304,1258)	3.0
(304,1729)	3.0
(304,1746)	213.0
(304,1771)	6.0
(304,1772)	6.0
(304,1774)	3.0
(304,1790)	3.0
(304,1804)	3.0
(304,1827)	9.0
(305,645)	3.0
(305,670)	15.0
(305,814)	3.0
(305,1088)	3.0
(305,1120)	103.0
(305,1259)	3.0
(305,1729)	9.0
(305,1761)	3.0
(305,1772)	6.0
(305,1774)	3.0
(305,1842)	6.0
(305,1869)	6.0
(306,58)	3.0
(306,397)	6.0
(306,460)	3.0
(306,670)	3.0
(306,793)	3.0
(306,816)	3.0
(306,817)	9.0
(306,904)	3.0
(306,1113)	6.0
(306,1197)	3.0
(306,1260)	6.0
(306,1370)	16.0
(306,1744)	3.0
(306,1745)	9.0
(306,1805)	3.0
(306,1824)	121.0
(306,1870)	3.0
(306,1973)	6.0
(307,635)	3.0
(307,669)	3.0
(307,819)	3.0
(307,820)	6.0
(307,821)	3.0
(307,1199)	10.0
(307,1728)	3.0
(307,1742)	3.0
(307,1743)	9.0
(307,1764)	3.0
(307,1805)	3.0
(308,792)	13.0
(308,822)	9.0
(308,1114)	6.0
(308,1124)	6.0
(308,1201)	3.0
(308,1372)	3.0
(308,1740)	3.0
(308,1741)	3.0
(308,1779)	13.0
(308,1805)	3.0
(308,1823)	9.0
(309,408)	16.0
(309,873)	3.0
(309,902)	9.0
(309,1082)	3.0
(309,1086)	9.0
(309,1127)	3.0
(309,1202)	3.0
(309,1313)	6.0
(309,1738)	3.0
(309,1777)	3.0
(309,1806)	6.0
(309,1822)	110.0
(309,1974)	3.0
(310,418)	12.0
(310,641)	29.0
(310,642)	3.0
(310,815)	3.0
(310,828)	10.0
(310,829)	3.0
(310,874)	3.0
(310,1126)	3.0
(310,1312)	3.0
(310,1329)	3.0
(310,1362)	3.0
(310,1363)	100.0
(310,1463)	3.0
(310,1737)	9.0
(310,1744)	6.0
(310,1784)	6.0
(310,1872)	6.0
(311,557)	10.0
(311,1084)	3.0
(311,1123)	3.0
(311,1745)	13.0
(311,1786)	3.0
(311,1821)	6.0
(312,39)	13.0
(312,814)	13.0
(312,832)	3.0
(312,834)	100.0
(312,903)	3.0
(312,1049)	3.0
(312,1081)	6.0
(312,1262)	3.0
(312,1734)	3.0
(312,1874)	9.0
(313,308)	6.0
(313,336)	9.0
(313,457)	3.0
(313,839)	3.0
(313,876)	29.0
(313,885)	6.0
(313,904)	9.0
(313,1079)	6.0
(313,1080)	13.0
(313,1311)	3.0
(313,1476)	3.0
(313,1725)	6.0
(313,1726)	3.0
(313,1727)	18.0
(313,1729)	3.0
(313,1732)	3.0
(313,1852)	9.0
(314,39)	3.0
(314,52)	10.0
(314,877)	3.0
(314,878)	3.0
(314,1131)	21.0
(314,1353)	6.0
(314,1444)	3.0
(314,1719)	6.0
(314,1722)	3.0
(314,1723)	3.0
(314,1787)	6.0
(314,1805)	9.0
(314,1852)	3.0
(315,404)	6.0
(315,1049)	3.0
(315,1132)	3.0
(315,1264)	3.0
(315,1355)	9.0
(315,1365)	3.0
(315,1710)	116.0
(315,1716)	3.0
(315,1721)	3.0
(315,1747)	3.0
(315,1851)	6.0
(316,346)	3.0
(316,403)	3.0
(316,420)	245.0
(316,716)	3.0
(316,846)	13.0
(316,881)	6.0
(316,1049)	6.0
(316,1080)	3.0
(316,1086)	3.0
(316,1087)	3.0
(316,1140)	3.0
(316,1141)	9.0
(316,1339)	3.0
(316,1708)	29.0
(316,1716)	3.0
(316,1719)	15.0
(316,1729)	3.0
(316,1788)	25.0
(316,1851)	3.0
(316,1895)	3.0
(317,385)	3.0
(317,421)	3.0
(317,628)	6.0
(317,1080)	6.0
(317,1136)	3.0
(317,1695)	3.0
(317,1698)	6.0
(317,1699)	6.0
(317,1700)	3.0
(317,1701)	9.0
(317,1702)	9.0
(317,1706)	12.0
(317,1707)	3.0
(317,1713)	3.0
(317,1714)	6.0
(317,1718)	12.0
(317,1728)	3.0
(317,1747)	16.0
(317,1851)	9.0
(317,1875)	3.0
(318,799)	3.0
(318,884)	13.0
(318,908)	3.0
(318,1083)	6.0
(318,1311)	13.0
(318,1380)	6.0
(318,1491)	3.0
(318,1693)	12.0
(318,1694)	6.0
(318,1703)	6.0
(318,1705)	6.0
(318,1713)	12.0
(318,1749)	3.0
(318,1805)	3.0
(318,1851)	6.0
(319,57)	6.0
(319,895)	3.0
(319,1044)	3.0
(319,1053)	3.0
(319,1056)	21.0
(319,1077)	6.0
(319,1079)	12.0
(319,1081)	100.0
(319,1140)	15.0
(319,1383)	3.0
(319,1685)	3.0
(319,1686)	9.0
(319,1687)	6.0
(319,1688)	3.0
(319,1692)	15.0
(319,1714)	3.0
(319,1747)	3.0
(319,1749)	3.0
(319,1805)	3.0
(320,402)	3.0
(320,628)	3.0
(320,813)	6.0
(320,913)	3.0
(320,1043)	6.0
(320,1057)	6.0
(320,1072)	13.0
(320,1076)	3.0
(320,1141)	3.0
(320,1385)	3.0
(320,1682)	9.0
(320,1683)	6.0
(320,1685)	12.0
(320,1689)	3.0
(320,1691)	3.0
(320,1875)	6.0
(320,1889)	3.0
(321,43)	3.0
(321,1070)	3.0
(321,1071)	10.0
(321,1142)	3.0
(321,1176)	3.0
(321,1177)	3.0
(321,1310)	6.0
(321,1378)	3.0
(321,1379)	6.0
(321,1503)	3.0
(321,1674)	12.0
(321,1675)	3.0
(321,1676)	3.0
(321,1677)	3.0
(321,1679)	6.0
(321,1680)	15.0
(321,1710)	3.0
(321,1728)	12.0
(321,1750)	3.0
(321,1789)	29.0
(321,1851)	3.0
(321,1876)	15.0
(321,1944)	3.0
(322,59)	6.0
(322,357)	10.0
(322,628)	3.0
(322,705)	3.0
(322,710)	9.0
(322,910)	3.0
(322,911)	30.0
(322,1069)	3.0
(322,1310)	120.0
(322,1506)	3.0
(322,1685)	6.0
(322,1790)	9.0
(322,1805)	3.0
(322,1821)	3.0
(322,1877)	100.0
(322,1889)	3.0
(323,812)	100.0
(323,1040)	9.0
(323,1061)	6.0
(323,1156)	3.0
(323,1446)	9.0
(323,1506)	6.0
(323,1672)	12.0
(323,1709)	13.0
(323,1751)	3.0
(323,1804)	3.0
(323,1878)	3.0
(324,695)	9.0
(324,701)	3.0
(324,812)	3.0
(324,1063)	3.0
(324,1065)	6.0
(324,1066)	13.0
(324,1160)	3.0
(324,1161)	3.0
(324,1671)	12.0
(324,1685)	6.0
(324,1708)	3.0
(324,1820)	3.0
(324,1850)	3.0
(324,1893)	3.0
(325,41)	3.0
(325,61)	6.0
(325,404)	6.0
(325,501)	3.0
(325,692)	3.0
(325,787)	3.0
(325,914)	3.0
(325,915)	19.0
(325,1039)	16.0
(325,1073)	6.0
(325,1145)	13.0
(325,1163)	6.0
(325,1164)	12.0
(325,1355)	3.0
(325,1393)	3.0
(325,1415)	6.0
(325,1417)	3.0
(325,1418)	9.0
(325,1670)	3.0
(325,1723)	6.0
(325,1792)	6.0
(325,1878)	9.0
(326,394)	3.0
(326,1165)	3.0
(326,1355)	3.0
(326,1395)	9.0
(326,1396)	3.0
(326,1402)	3.0
(326,1403)	6.0
(326,1410)	6.0
(326,1412)	6.0
(326,1446)	3.0
(326,1669)	9.0
(326,1704)	10.0
(326,1705)	6.0
(326,1706)	3.0
(326,1792)	13.0
(326,1804)	6.0
(327,34)	9.0
(327,39)	3.0
(327,918)	6.0
(327,1000)	13.0
(327,1102)	3.0
(327,1146)	32.0
(327,1397)	6.0
(327,1407)	9.0
(327,1409)	6.0
(327,1509)	9.0
(327,1668)	25.0
(327,1736)	3.0
(327,1792)	6.0
(327,1819)	3.0
(327,1820)	12.0
(327,1850)	3.0
(328,42)	3.0
(328,43)	3.0
(328,45)	10.0
(328,404)	3.0
(328,407)	3.0
(328,1004)	6.0
(328,1035)	6.0
(328,1509)	10.0
(328,1513)	3.0
(328,1668)	113.0
(328,1702)	3.0
(328,1850)	3.0
(329,47)	9.0
(329,554)	3.0
(329,856)	10.0
(329,919)	6.0
(329,1148)	3.0
(329,1447)	100.0
(329,1517)	6.0
(329,1668)	12.0
(329,1685)	3.0
(329,1755)	15.0
(329,1793)	3.0
(329,1803)	6.0
(329,1882)	3.0
(330,48)	3.0
(330,232)	3.0
(330,410)	3.0
(330,920)	20.0
(330,921)	3.0
(330,922)	3.0
(330,1263)	3.0
(330,1447)	3.0
(330,1505)	3.0
(330,1663)	3.0
(330,1668)	12.0
(330,1803)	19.0
(330,1882)	12.0
(331,49)	9.0
(331,694)	118.0
(331,817)	3.0
(331,921)	3.0
(331,1066)	9.0
(331,1176)	3.0
(331,1177)	10.0
(331,1308)	3.0
(331,1501)	3.0
(331,1664)	3.0
(331,1736)	3.0
(331,1792)	3.0
(331,1794)	3.0
(331,1819)	6.0
(332,669)	23.0
(332,683)	3.0
(332,693)	3.0
(332,858)	100.0
(332,887)	10.0
(332,922)	6.0
(332,929)	3.0
(332,936)	3.0
(332,1150)	10.0
(332,1527)	6.0
(332,1698)	100.0
(332,1795)	15.0
(332,1881)	3.0
(332,1899)	3.0
(333,54)	3.0
(333,392)	3.0
(333,669)	3.0
(333,859)	10.0
(333,862)	3.0
(333,924)	15.0
(333,926)	6.0
(333,928)	6.0
(333,944)	3.0
(333,946)	6.0
(333,1009)	3.0
(333,1178)	12.0
(333,1179)	100.0
(333,1399)	3.0
(333,1450)	3.0
(333,1496)	3.0
(333,1531)	3.0
(333,1665)	6.0
(333,1724)	10.0
(333,1796)	3.0
(333,1803)	9.0
(333,1818)	9.0
(334,553)	10.0
(334,638)	9.0
(334,990)	3.0
(334,994)	10.0
(334,1027)	9.0
(334,1150)	9.0
(334,1180)	28.0
(334,1307)	100.0
(334,1350)	3.0
(334,1450)	9.0
(334,1451)	12.0
(334,1532)	3.0
(334,1665)	3.0
(334,1796)	3.0
(334,1942)	3.0
(335,421)	3.0
(335,670)	6.0
(335,691)	3.0
(335,812)	3.0
(335,927)	16.0
(335,1026)	6.0
(335,1151)	3.0
(335,1152)	20.0
(335,1451)	3.0
(335,1495)	3.0
(335,1688)	3.0
(335,1729)	3.0
(335,1758)	3.0
(335,1796)	3.0
(335,1797)	21.0
(335,1803)	9.0
(335,1816)	3.0
(335,1848)	3.0
(335,1941)	12.0
(335,1961)	3.0
(336,315)	3.0
(336,867)	3.0
(336,928)	6.0
(336,929)	6.0
(336,930)	6.0
(336,931)	100.0
(336,1684)	9.0
(336,1687)	6.0
(336,1802)	9.0
(336,1848)	6.0
(336,1883)	3.0
(336,1983)	10.0
(337,56)	3.0
(337,871)	6.0
(337,933)	9.0
(337,949)	3.0
(337,1349)	3.0
(337,1496)	3.0
(337,1673)	3.0
(337,1722)	3.0
(337,1758)	6.0
(337,1797)	12.0
(337,1939)	13.0
(338,454)	3.0
(338,950)	12.0
(338,1153)	3.0
(338,1404)	12.0
(338,1452)	3.0
(338,1674)	9.0
(338,1758)	6.0
(338,1759)	3.0
(338,1938)	3.0
(338,1986)	18.0
(339,636)	3.0
(339,663)	28.0
(339,935)	3.0
(339,1405)	3.0
(339,1655)	3.0
(339,1658)	3.0
(339,1722)	3.0
(339,1798)	6.0
(339,1982)	3.0
(340,425)	12.0
(340,466)	6.0
(340,781)	6.0
(340,935)	9.0
(340,1653)	6.0
(340,1659)	3.0
(340,1660)	6.0
(340,1689)	6.0
(341,675)	6.0
(341,684)	3.0
(341,936)	113.0
(341,989)	3.0
(341,1154)	3.0
(341,1364)	3.0
(341,1616)	12.0
(341,1617)	6.0
(341,1618)	27.0
(341,1619)	9.0
(341,1620)	106.0
(341,1622)	3.0
(341,1651)	6.0
(341,1652)	15.0
(341,1653)	9.0
(341,1728)	9.0
(341,1737)	3.0
(341,1799)	3.0
(341,1804)	6.0
(341,1885)	3.0
(341,1989)	3.0
(342,318)	3.0
(342,635)	9.0
(342,650)	3.0
(342,952)	9.0
(342,953)	9.0
(342,1108)	3.0
(342,1610)	19.0
(342,1611)	21.0
(342,1613)	3.0
(342,1615)	9.0
(342,1623)	30.0
(342,1624)	9.0
(342,1650)	6.0
(342,1651)	21.0
(342,1660)	12.0
(342,1737)	13.0
(342,1759)	3.0
(342,1800)	3.0
(342,1843)	109.0
(342,1991)	3.0
(342,1998)	3.0
(342,1999)	3.0
(342,2003)	3.0
(343,938)	3.0
(343,949)	3.0
(343,955)	3.0
(343,956)	6.0
(343,1154)	16.0
(343,1407)	3.0
(343,1624)	9.0
(343,1640)	200.0
(343,1641)	9.0
(343,1642)	9.0
(343,1644)	3.0
(343,1645)	3.0
(343,1648)	9.0
(343,1737)	6.0
(343,1803)	39.0
(343,1885)	6.0
(343,1905)	3.0
(343,1993)	3.0
(343,1996)	6.0
(344,318)	3.0
(344,1061)	6.0
(344,1157)	3.0
(344,1234)	3.0
(344,1256)	9.0
(344,1609)	6.0
(344,1624)	42.0
(344,1640)	24.0
(344,1675)	3.0
(344,1760)	3.0
(344,1801)	15.0
(344,1802)	3.0
(344,1823)	6.0
(344,1838)	3.0
(344,1885)	3.0
(344,2003)	229.0
(345,458)	3.0
(345,939)	6.0
(345,940)	3.0
(345,963)	33.0
(345,967)	9.0
(345,974)	3.0
(345,976)	3.0
(345,984)	3.0
(345,985)	10.0
(345,1162)	3.0
(345,1409)	16.0
(345,1625)	12.0
(345,1626)	9.0
(345,1627)	9.0
(345,1628)	9.0
(345,1629)	6.0
(345,1639)	3.0
(345,1661)	3.0
(345,1745)	3.0
(345,1801)	3.0
(345,1827)	3.0
(345,1830)	6.0
(345,1831)	6.0
(345,1837)	3.0
(345,1962)	3.0
(346,471)	12.0
(346,942)	3.0
(346,943)	9.0
(346,945)	20.0
(346,981)	9.0
(346,983)	3.0
(346,1166)	13.0
(346,1169)	9.0
(346,1170)	32.0
(346,1171)	3.0
(346,1172)	9.0
(346,1174)	3.0
(346,1176)	3.0
(346,1177)	6.0
(346,1178)	12.0
(346,1179)	10.0
(346,1180)	6.0
(346,1230)	3.0
(346,1345)	3.0
(346,1607)	12.0
(346,1629)	3.0
(346,1630)	9.0
(346,1639)	6.0
(346,1675)	6.0
(346,1728)	3.0
(346,1800)	3.0
(346,2005)	28.0
(347,382)	3.0
(347,383)	3.0
(347,553)	12.0
(347,631)	18.0
(347,668)	3.0
(347,861)	3.0
(347,863)	3.0
(347,1059)	100.0
(347,1603)	3.0
(347,1606)	6.0
(347,1632)	19.0
(347,1634)	6.0
(347,1636)	6.0
(347,1637)	21.0
(347,1638)	15.0
(347,1639)	9.0
(347,1673)	12.0
(347,1674)	3.0
(347,1679)	3.0
(347,1681)	12.0
(347,1683)	9.0
(347,1687)	100.0
(347,1728)	9.0
(347,1799)	12.0
(347,1859)	3.0
(347,1866)	3.0
(347,1970)	3.0
(347,1972)	3.0
(347,2006)	3.0
(348,66)	100.0
(348,658)	3.0
(348,661)	6.0
(348,687)	3.0
(348,973)	103.0
(348,1453)	3.0
(348,1511)	3.0
(348,1599)	3.0
(348,1600)	9.0
(348,1601)	3.0
(348,1602)	3.0
(348,1603)	3.0
(348,1604)	18.0
(348,1605)	25.0
(348,1638)	3.0
(348,1640)	6.0
(348,1674)	6.0
(348,1675)	3.0
(348,1688)	3.0
(348,1689)	3.0
(348,1728)	22.0
(348,1737)	3.0
(348,1885)	6.0
(348,1951)	3.0
(349,312)	3.0
(349,625)	3.0
(349,627)	6.0
(349,668)	3.0
(349,986)	6.0
(349,1055)	6.0
(349,1087)	3.0
(349,1185)	3.0
(349,1262)	26.0
(349,1411)	6.0
(349,1597)	12.0
(349,1626)	6.0
(349,1662)	3.0
(349,1665)	6.0
(349,1674)	3.0
(349,1690)	106.0
(349,1798)	3.0
(349,1962)	6.0
(350,475)	3.0
(350,619)	9.0
(350,621)	19.0
(350,668)	6.0
(350,1055)	12.0
(350,1167)	3.0
(350,1592)	127.0
(350,1596)	3.0
(350,1638)	10.0
(350,1884)	3.0
(350,1932)	6.0
(351,616)	9.0
(351,668)	3.0
(351,1055)	15.0
(351,1415)	3.0
(351,1561)	3.0
(351,1638)	3.0
(351,1673)	9.0
(351,1693)	3.0
(351,1697)	6.0
(351,1796)	3.0
(351,1887)	6.0
(351,1931)	3.0
(351,2010)	6.0
(352,475)	6.0
(352,614)	3.0
(352,667)	112.0
(352,671)	3.0
(352,1055)	6.0
(352,1342)	3.0
(352,1418)	3.0
(352,1419)	6.0
(352,1420)	6.0
(352,1552)	6.0
(352,1587)	9.0
(352,1588)	3.0
(352,1637)	3.0
(352,1638)	3.0
(352,1698)	6.0
(352,1888)	6.0
(352,1922)	3.0
(352,2011)	3.0
(353,612)	6.0
(353,640)	3.0
(353,983)	6.0
(353,1165)	3.0
(353,1258)	3.0
(353,1422)	6.0
(353,1451)	3.0
(353,1545)	3.0
(353,1581)	3.0
(353,1582)	109.0
(353,1583)	3.0
(353,1584)	6.0
(353,1586)	6.0
(353,1627)	15.0
(353,1642)	3.0
(353,1761)	3.0
(353,1889)	6.0
(353,2011)	3.0
(354,58)	3.0
(354,983)	10.0
(354,1055)	3.0
(354,1558)	3.0
(354,1560)	3.0
(354,1577)	9.0
(354,1579)	3.0
(354,1581)	3.0
(354,1637)	6.0
(354,1642)	3.0
(354,1666)	3.0
(354,1702)	18.0
(354,1890)	6.0
(355,403)	9.0
(355,668)	3.0
(355,1497)	3.0
(355,1562)	6.0
(355,1627)	3.0
(355,1636)	6.0
(355,1643)	9.0
(355,1672)	20.0
(355,1703)	9.0
(355,1704)	9.0
(355,1800)	3.0
(355,1806)	3.0
(356,59)	3.0
(356,554)	10.0
(356,1055)	6.0
(356,1191)	10.0
(356,1257)	3.0
(356,1266)	3.0
(356,1446)	3.0
(356,1450)	3.0
(356,1635)	3.0
(356,1672)	6.0
(356,1800)	109.0
(356,1801)	3.0
(356,1853)	3.0
(356,1892)	18.0
(357,60)	25.0
(357,554)	3.0
(357,668)	3.0
(357,1192)	22.0
(357,1199)	6.0
(357,1257)	3.0
(357,1444)	19.0
(357,1445)	3.0
(357,1552)	3.0
(357,1564)	9.0
(357,1566)	6.0
(357,1570)	100.0
(357,1571)	12.0
(357,1572)	6.0
(357,1634)	3.0
(357,1801)	12.0
(357,1806)	3.0
(357,1908)	3.0
(357,1921)	32.0
(357,1927)	3.0
(358,1158)	3.0
(358,1193)	3.0
(358,1200)	3.0
(358,1426)	9.0
(358,1450)	3.0
(358,1496)	16.0
(358,1532)	3.0
(358,1633)	6.0
(358,1661)	3.0
(358,1672)	3.0
(358,1801)	15.0
(358,1807)	3.0
(359,61)	110.0
(359,983)	3.0
(359,1056)	3.0
(359,1072)	3.0
(359,1193)	3.0
(359,1431)	6.0
(359,1452)	6.0
(359,1629)	12.0
(359,1644)	3.0
(359,1801)	18.0
(359,1808)	3.0
(359,1899)	12.0
(360,668)	3.0
(360,1337)	6.0
(360,1426)	16.0
(360,1433)	3.0
(360,1454)	10.0
(360,1629)	21.0
(360,1644)	3.0
(360,1662)	9.0
(360,1663)	12.0
(360,1664)	15.0
(360,1665)	6.0
(360,1666)	9.0
(360,1667)	12.0
(360,1669)	6.0
(360,1671)	12.0
(360,1687)	6.0
(360,1809)	12.0
(360,1898)	3.0
(360,1900)	106.0
(360,2011)	3.0
(361,60)	3.0
(361,476)	3.0
(361,667)	6.0
(361,778)	3.0
(361,1069)	10.0
(361,1255)	6.0
(361,1434)	9.0
(361,1549)	3.0
(361,1550)	12.0
(361,1630)	3.0
(361,1631)	9.0
(361,1644)	15.0
(361,1670)	33.0
(361,1801)	18.0
(361,1809)	6.0
(361,1810)	3.0
(362,401)	3.0
(362,1197)	3.0
(362,1425)	3.0
(362,1426)	3.0
(362,1549)	3.0
(362,1660)	9.0
(362,1671)	12.0
(362,1672)	45.0
(362,1687)	9.0
(362,1800)	3.0
(362,1801)	6.0
(362,1811)	3.0
(363,601)	16.0
(363,1205)	3.0
(363,1425)	9.0
(363,1590)	6.0
(363,1659)	6.0
(363,1665)	3.0
(363,1672)	55.0
(363,1688)	3.0
(363,1727)	100.0
(363,1798)	3.0
(363,1894)	3.0
(363,1904)	3.0
(363,1906)	3.0
(363,1961)	3.0
(364,1436)	3.0
(364,1437)	3.0
(364,1438)	3.0
(364,1526)	3.0
(364,1591)	3.0
(364,1594)	12.0
(364,1597)	3.0
(364,1625)	6.0
(364,1627)	6.0
(364,1630)	3.0
(364,1646)	12.0
(364,1654)	9.0
(364,1673)	6.0
(364,1675)	3.0
(364,1727)	6.0
(364,1760)	9.0
(364,1796)	3.0
(364,1812)	6.0
(364,1854)	3.0
(364,1947)	6.0
(365,61)	9.0
(365,355)	6.0
(365,400)	3.0
(365,456)	3.0
(365,477)	6.0
(365,983)	3.0
(365,1064)	16.0
(365,1209)	3.0
(365,1267)	3.0
(365,1333)	3.0
(365,1424)	100.0
(365,1495)	3.0
(365,1599)	9.0
(365,1600)	6.0
(365,1601)	3.0
(365,1618)	21.0
(365,1619)	3.0
(365,1621)	3.0
(365,1624)	12.0
(365,1647)	6.0
(365,1648)	6.0
(365,1651)	3.0
(365,1657)	6.0
(365,1658)	3.0
(365,1672)	3.0
(366,67)	6.0
(366,714)	10.0
(366,983)	22.0
(366,1333)	3.0
(366,1423)	27.0
(366,1462)	12.0
(366,1543)	23.0
(366,1562)	6.0
(366,1615)	9.0
(366,1617)	9.0
(366,1618)	3.0
(366,1622)	6.0
(366,1623)	109.0
(366,1652)	3.0
(366,1665)	3.0
(366,1677)	103.0
(366,1813)	21.0
(366,1860)	3.0
(366,1862)	3.0
(366,1864)	3.0
(366,1961)	3.0
(367,61)	212.0
(367,466)	12.0
(367,1210)	3.0
(367,1326)	123.0
(367,1327)	3.0
(367,1541)	3.0
(367,1585)	3.0
(367,1614)	3.0
(367,1615)	3.0
(367,1629)	12.0
(367,1665)	103.0
(367,1672)	3.0
(367,1680)	6.0
(367,1800)	6.0
(367,1814)	3.0
(367,1871)	3.0
(368,595)	3.0
(368,666)	9.0
(368,1048)	10.0
(368,1050)	3.0
(368,1051)	6.0
(368,1052)	3.0
(368,1054)	3.0
(368,1061)	3.0
(368,1204)	3.0
(368,1421)	3.0
(368,1422)	9.0
(368,1522)	3.0
(368,1540)	3.0
(368,1573)	3.0
(368,1574)	34.0
(368,1582)	3.0
(368,1613)	9.0
(368,1614)	3.0
(368,1629)	12.0
(368,1632)	6.0
(368,1641)	3.0
(368,1643)	106.0
(368,1654)	6.0
(368,1672)	106.0
(368,1681)	6.0
(368,1682)	6.0
(368,1759)	9.0
(368,1814)	9.0
(368,1891)	3.0
(369,1053)	6.0
(369,1421)	103.0
(369,1516)	106.0
(369,1518)	18.0
(369,1520)	3.0
(369,1562)	3.0
(369,1590)	9.0
(369,1605)	23.0
(369,1606)	3.0
(369,1607)	3.0
(369,1609)	22.0
(369,1610)	6.0
(369,1612)	3.0
(369,1654)	6.0
(369,1655)	33.0
(369,1683)	6.0
(369,1688)	3.0
(369,1759)	3.0
(369,1890)	6.0
(369,1900)	10.0
(369,1958)	3.0
(370,644)	6.0
(370,930)	3.0
(370,1046)	3.0
(370,1206)	3.0
(370,1214)	24.0
(370,1322)	103.0
(370,1421)	13.0
(370,1532)	6.0
(370,1533)	6.0
(370,1577)	3.0
(370,1580)	3.0
(370,1633)	3.0
(370,1646)	9.0
(370,1656)	12.0
(370,1661)	9.0
(370,1692)	3.0
(370,1778)	3.0
(370,1782)	6.0
(370,1783)	3.0
(370,1789)	3.0
(370,1790)	3.0
(370,1814)	15.0
(370,1845)	3.0
(370,1857)	3.0
(370,1888)	6.0
(370,1889)	6.0
(370,1954)	100.0
(371,471)	3.0
(371,592)	3.0
(371,981)	3.0
(371,1206)	3.0
(371,1214)	21.0
(371,1466)	3.0
(371,1490)	16.0
(371,1507)	3.0
(371,1510)	3.0
(371,1529)	9.0
(371,1553)	3.0
(371,1554)	6.0
(371,1634)	12.0
(371,1637)	3.0
(371,1662)	10.0
(371,1686)	3.0
(371,1690)	18.0
(371,1691)	12.0
(371,1696)	103.0
(371,1775)	3.0
(371,1785)	6.0
(371,1814)	6.0
(371,1858)	3.0
(371,1932)	6.0
(372,1056)	6.0
(372,1148)	16.0
(372,1417)	9.0
(372,1418)	6.0
(372,1419)	6.0
(372,1643)	3.0
(372,1656)	18.0
(372,1673)	9.0
(372,1688)	3.0
(372,1689)	28.0
(372,1697)	18.0
(372,1698)	9.0
(372,1699)	3.0
(372,1758)	3.0
(372,1759)	13.0
(372,1773)	3.0
(372,1806)	10.0
(372,1815)	3.0
(373,1056)	3.0
(373,1207)	3.0
(373,1320)	3.0
(373,1360)	3.0
(373,1411)	3.0
(373,1420)	3.0
(373,1423)	3.0
(373,1468)	3.0
(373,1485)	6.0
(373,1487)	9.0
(373,1503)	3.0
(373,1673)	9.0
(373,1704)	10.0
(373,1759)	3.0
(373,1772)	3.0
(373,1815)	13.0
(373,1858)	15.0
(373,1886)	3.0
(373,1939)	3.0
(373,2010)	6.0
(374,119)	186.0
(374,397)	3.0
(374,1208)	3.0
(374,1246)	6.0
(374,1416)	3.0
(374,1431)	3.0
(374,1469)	3.0
(374,1480)	3.0
(374,1482)	3.0
(374,1501)	3.0
(374,1511)	9.0
(374,1512)	6.0
(374,1521)	3.0
(374,1532)	3.0
(374,1631)	6.0
(374,1673)	15.0
(374,1689)	3.0
(374,1701)	3.0
(374,1771)	3.0
(374,1858)	3.0
(374,1885)	3.0
(374,1900)	6.0
(374,1955)	3.0
(375,462)	3.0
(375,667)	3.0
(375,1210)	3.0
(375,1433)	21.0
(375,1470)	3.0
(375,1478)	3.0
(375,1529)	3.0
(375,1530)	3.0
(375,1533)	9.0
(375,1631)	3.0
(375,1655)	9.0
(375,1689)	3.0
(375,1707)	6.0
(375,1731)	6.0
(375,1732)	6.0
(375,1759)	3.0
(375,1771)	6.0
(375,1805)	3.0
(375,1827)	3.0
(375,1885)	3.0
(375,1954)	3.0
(376,60)	22.0
(376,980)	3.0
(376,1042)	3.0
(376,1057)	3.0
(376,1281)	3.0
(376,1433)	3.0
(376,1471)	3.0
(376,1472)	106.0
(376,1474)	6.0
(376,1476)	6.0
(376,1499)	3.0
(376,1517)	6.0
(376,1631)	9.0
(376,1688)	3.0
(376,1733)	15.0
(376,1734)	15.0
(376,1760)	6.0
(376,1805)	6.0
(376,1859)	6.0
(376,1950)	3.0
(376,1954)	3.0
(376,1958)	3.0
(377,59)	3.0
(377,125)	3.0
(377,589)	15.0
(377,1149)	3.0
(377,1214)	3.0
(377,1401)	3.0
(377,1521)	3.0
(377,1654)	3.0
(377,1673)	144.0
(377,1674)	3.0
(377,1735)	3.0
(377,1770)	3.0
(377,1818)	6.0
(378,774)	3.0
(378,980)	23.0
(378,1041)	6.0
(378,1218)	9.0
(378,1511)	100.0
(378,1516)	3.0
(378,1630)	3.0
(378,1651)	6.0
(378,1653)	3.0
(378,1673)	6.0
(378,1688)	3.0
(378,1708)	9.0
(378,1709)	3.0
(378,1736)	3.0
(378,1737)	3.0
(378,1820)	6.0
(378,1933)	3.0
(378,2011)	3.0
(379,734)	3.0
(379,774)	3.0
(379,980)	6.0
(379,1315)	6.0
(379,1453)	10.0
(379,1458)	6.0
(379,1688)	6.0
(379,1709)	3.0
(379,1769)	3.0
(379,1818)	3.0
(380,461)	3.0
(380,1036)	6.0
(380,1037)	6.0
(380,1058)	22.0
(380,1216)	3.0
(380,1270)	3.0
(380,1284)	106.0
(380,1399)	10.0
(380,1413)	15.0
(380,1444)	6.0
(380,1468)	3.0
(380,1503)	6.0
(380,1504)	229.0
(380,1505)	6.0
(380,1673)	15.0
(380,1687)	6.0
(380,1710)	3.0
(380,1759)	3.0
(380,1819)	3.0
(380,1902)	3.0
(381,1057)	3.0
(381,1217)	10.0
(381,1222)	3.0
(381,1336)	6.0
(381,1440)	10.0
(381,1469)	6.0
(381,1486)	12.0
(381,1488)	3.0
(381,1759)	3.0
(381,1768)	15.0
(381,1819)	3.0
(381,1861)	6.0
(381,1875)	3.0
(381,1881)	3.0
(381,1902)	3.0
(382,58)	3.0
(382,648)	3.0
(382,1217)	3.0
(382,1232)	3.0
(382,1412)	3.0
(382,1765)	3.0
(382,1766)	3.0
(382,1804)	3.0
(382,1880)	3.0
(382,1890)	3.0
(383,67)	6.0
(383,540)	3.0
(383,775)	3.0
(383,1034)	19.0
(383,1035)	3.0
(383,1036)	3.0
(383,1056)	3.0
(383,1241)	3.0
(383,1312)	3.0
(383,1466)	15.0
(383,1470)	15.0
(383,1494)	6.0
(383,1495)	6.0
(383,1673)	6.0
(383,1714)	9.0
(383,1761)	6.0
(383,1872)	6.0
(383,1902)	3.0
(384,68)	9.0
(384,584)	121.0
(384,753)	6.0
(384,1053)	6.0
(384,1218)	3.0
(384,1229)	3.0
(384,1410)	27.0
(384,1472)	6.0
(384,1474)	100.0
(384,1478)	6.0
(384,1480)	3.0
(384,1481)	10.0
(384,1493)	12.0
(384,1623)	3.0
(384,1624)	3.0
(384,1625)	106.0
(384,1636)	3.0
(384,1673)	9.0
(384,1685)	9.0
(384,1714)	12.0
(384,1762)	6.0
(384,1817)	6.0
(384,1818)	3.0
(384,1863)	3.0
(384,1870)	3.0
(385,58)	40.0
(385,264)	22.0
(385,458)	3.0
(385,996)	3.0
(385,997)	3.0
(385,1393)	400.0
(385,1410)	6.0
(385,1446)	9.0
(385,1466)	3.0
(385,1493)	3.0
(385,1685)	9.0
(385,1688)	6.0
(385,1714)	31.0
(385,1819)	3.0
(385,1864)	3.0
(385,1869)	3.0
(386,58)	100.0
(386,580)	6.0
(386,993)	100.0
(386,1031)	3.0
(386,1234)	10.0
(386,1235)	12.0
(386,1409)	3.0
(386,1466)	3.0
(386,1490)	6.0
(386,1491)	3.0
(386,1565)	3.0
(386,1635)	9.0
(386,1688)	3.0
(386,1715)	19.0
(386,1807)	100.0
(386,1903)	12.0
(387,573)	3.0
(387,1223)	10.0
(387,1306)	3.0
(387,1408)	6.0
(387,1565)	16.0
(387,1674)	3.0
(387,1716)	12.0
(387,1745)	10.0
(387,1865)	3.0
(388,57)	12.0
(388,490)	9.0
(388,491)	3.0
(388,1224)	15.0
(388,1225)	3.0
(388,1411)	3.0
(388,1449)	3.0
(388,1468)	10.0
(388,1471)	19.0
(388,1472)	3.0
(388,1487)	9.0
(388,1565)	3.0
(388,1632)	36.0
(388,1673)	3.0
(388,1684)	3.0
(388,1689)	3.0
(388,1717)	3.0
(388,1718)	3.0
(388,1805)	9.0
(388,1859)	3.0
(388,1860)	18.0
(388,1861)	10.0
(388,1863)	3.0
(388,1887)	9.0
(388,1909)	113.0
(389,65)	9.0
(389,486)	3.0
(389,488)	100.0
(389,976)	13.0
(389,1011)	3.0
(389,1305)	10.0
(389,1380)	3.0
(389,1382)	3.0
(389,1385)	6.0
(389,1468)	12.0
(389,1479)	10.0
(389,1565)	12.0
(389,1629)	3.0
(389,1673)	24.0
(389,1684)	3.0
(389,1805)	9.0
(389,1857)	9.0
(389,1903)	6.0
(390,80)	3.0
(390,499)	3.0
(390,668)	6.0
(390,942)	3.0
(390,1014)	6.0
(390,1053)	3.0
(390,1374)	10.0
(390,1375)	3.0
(390,1461)	3.0
(390,1464)	9.0
(390,1672)	533.0
(390,1673)	9.0
(390,1719)	6.0
(390,1723)	9.0
(390,1746)	18.0
(390,1805)	12.0
(390,1856)	3.0
(391,480)	6.0
(391,502)	3.0
(391,564)	3.0
(391,1154)	13.0
(391,1337)	3.0
(391,1468)	6.0
(391,1565)	29.0
(391,1578)	3.0
(391,1646)	9.0
(391,1651)	6.0
(391,1685)	3.0
(391,1719)	3.0
(391,1724)	3.0
(391,1746)	3.0
(391,1855)	15.0
(392,1458)	6.0
(392,1672)	9.0
(392,1687)	3.0
(392,1725)	9.0
(392,1805)	3.0
(392,1813)	10.0
(392,1854)	3.0
(393,472)	9.0
(393,473)	12.0
(393,510)	9.0
(393,562)	22.0
(393,1057)	3.0
(393,1243)	6.0
(393,1286)	9.0
(393,1301)	3.0
(393,1368)	9.0
(393,1407)	6.0
(393,1564)	6.0
(393,1646)	3.0
(393,1654)	3.0
(393,1671)	203.0
(393,1672)	6.0
(393,1688)	9.0
(393,1692)	3.0
(393,1725)	3.0
(393,1825)	3.0
(393,1904)	3.0
(394,512)	112.0
(394,515)	3.0
(394,517)	6.0
(394,520)	9.0
(394,524)	3.0
(394,669)	6.0
(394,946)	3.0
(394,1233)	3.0
(394,1234)	3.0
(394,1258)	3.0
(394,1265)	3.0
(394,1287)	3.0
(394,1337)	6.0
(394,1367)	6.0
(394,1404)	10.0
(394,1563)	42.0
(394,1651)	3.0
(394,1653)	3.0
(394,1656)	3.0
(394,1671)	3.0
(394,1727)	12.0
(394,1826)	3.0
(394,1854)	3.0
(394,1866)	6.0
(394,2017)	3.0
(395,669)	9.0
(395,966)	3.0
(395,1234)	3.0
(395,1259)	3.0
(395,1263)	3.0
(395,1512)	9.0
(395,1611)	3.0
(395,1661)	3.0
(395,1730)	3.0
(395,1733)	6.0
(395,1826)	15.0
(396,558)	3.0
(396,1240)	3.0
(396,1244)	3.0
(396,1260)	6.0
(396,1400)	3.0
(396,1590)	12.0
(396,1657)	3.0
(396,1661)	19.0
(396,1735)	3.0
(396,1741)	3.0
(396,1742)	9.0
(396,1746)	15.0
(396,1806)	10.0
(396,1817)	3.0
(396,1852)	6.0
(397,532)	9.0
(397,949)	6.0
(397,1058)	9.0
(397,1240)	6.0
(397,1244)	3.0
(397,1297)	3.0
(397,1298)	3.0
(397,1338)	6.0
(397,1562)	3.0
(397,1671)	3.0
(397,1739)	3.0
(397,1746)	6.0
(397,1767)	3.0
(397,1826)	3.0
(397,1904)	10.0
(397,2018)	3.0
(398,56)	3.0
(398,557)	3.0
(398,1287)	6.0
(398,1296)	3.0
(398,1297)	3.0
(398,1338)	3.0
(398,1363)	3.0
(398,1413)	6.0
(398,1579)	3.0
(398,1745)	6.0
(398,1746)	3.0
(398,1767)	15.0
(398,1768)	3.0
(398,1826)	3.0
(398,1827)	3.0
(399,56)	3.0
(399,534)	106.0
(399,961)	6.0
(399,962)	10.0
(399,963)	3.0
(399,1263)	12.0
(399,1329)	3.0
(399,1330)	212.0
(399,1359)	3.0
(399,1514)	12.0
(399,1744)	109.0
(399,1746)	9.0
(399,1748)	13.0
(399,1749)	6.0
(399,1760)	3.0
(399,1763)	3.0
(399,1767)	9.0
(399,1818)	3.0
(399,1851)	3.0
(399,1911)	23.0
(399,1991)	6.0
(399,2019)	21.0
(400,57)	9.0
(400,462)	3.0
(400,983)	3.0
(400,1055)	6.0
(400,1243)	18.0
(400,1254)	9.0
(400,1257)	3.0
(400,1258)	9.0
(400,1259)	3.0
(400,1262)	6.0
(400,1265)	3.0
(400,1266)	9.0
(400,1287)	3.0
(400,1290)	3.0
(400,1291)	6.0
(400,1293)	3.0
(400,1324)	6.0
(400,1325)	6.0
(400,1343)	3.0
(400,1611)	9.0
(400,1622)	6.0
(400,1688)	3.0
(400,1744)	10.0
(400,1753)	9.0
(400,1755)	3.0
(400,1769)	13.0
(400,1770)	9.0
(400,1771)	15.0
(400,1776)	6.0
(400,1777)	13.0
(400,1819)	21.0
(400,1906)	3.0
(400,2019)	3.0
(401,57)	100.0
(401,273)	10.0
(401,552)	6.0
(401,954)	3.0
(401,1243)	3.0
(401,1287)	6.0
(401,1288)	6.0
(401,1320)	21.0
(401,1322)	3.0
(401,1340)	3.0
(401,1347)	150.0
(401,1352)	3.0
(401,1353)	3.0
(401,1356)	3.0
(401,1490)	3.0
(401,1560)	3.0
(401,1744)	6.0
(401,1761)	6.0
(401,1771)	224.0
(401,1772)	6.0
(401,1805)	3.0
(401,1828)	3.0
(401,1829)	3.0
(401,1848)	3.0
(402,668)	3.0
(402,1052)	3.0
(402,1244)	3.0
(402,1274)	6.0
(402,1291)	3.0
(402,1319)	6.0
(402,1484)	3.0
(402,1486)	6.0
(402,1488)	103.0
(402,1493)	3.0
(402,1612)	6.0
(402,1613)	3.0
(402,1622)	3.0
(402,1761)	3.0
(402,1779)	6.0
(402,1780)	9.0
(402,1829)	6.0
(402,1911)	3.0
(402,2002)	3.0
(402,2013)	3.0
(402,2018)	9.0
(403,668)	3.0
(403,984)	6.0
(403,1271)	9.0
(403,1296)	6.0
(403,1311)	9.0
(403,1341)	133.0
(403,1464)	6.0
(403,1481)	9.0
(403,1495)	15.0
(403,1496)	3.0
(403,1503)	3.0
(403,1541)	3.0
(403,1542)	3.0
(403,1556)	3.0
(403,1620)	3.0
(403,1671)	18.0
(403,1687)	3.0
(403,1696)	3.0
(403,1741)	3.0
(403,1759)	3.0
(403,1760)	3.0
(403,1781)	3.0
(403,1782)	3.0
(403,1804)	3.0
(403,1805)	109.0
(403,1830)	3.0
(404,57)	28.0
(404,59)	203.0
(404,294)	6.0
(404,668)	16.0
(404,1157)	3.0
(404,1289)	3.0
(404,1392)	15.0
(404,1464)	3.0
(404,1476)	3.0
(404,1478)	3.0
(404,1479)	12.0
(404,1497)	3.0
(404,1498)	3.0
(404,1499)	3.0
(404,1502)	12.0
(404,1536)	6.0
(404,1538)	3.0
(404,1546)	3.0
(404,1554)	3.0
(404,1618)	3.0
(404,1666)	6.0
(404,1759)	6.0
(404,1775)	3.0
(404,1804)	6.0
(404,1848)	6.0
(404,1983)	3.0
(404,1984)	6.0
(405,56)	3.0
(405,1245)	6.0
(405,1289)	3.0
(405,1303)	6.0
(405,1388)	3.0
(405,1416)	3.0
(405,1474)	3.0
(405,1507)	3.0
(405,1512)	103.0
(405,1513)	3.0
(405,1551)	6.0
(405,1617)	3.0
(405,1669)	9.0
(405,1696)	9.0
(405,1698)	9.0
(405,1748)	10.0
(405,1759)	9.0
(405,1776)	6.0
(405,1805)	3.0
(405,1830)	3.0
(405,1891)	3.0
(406,55)	6.0
(406,59)	3.0
(406,650)	6.0
(406,668)	3.0
(406,1157)	3.0
(406,1246)	3.0
(406,1302)	3.0
(406,1305)	6.0
(406,1665)	3.0
(406,1698)	3.0
(406,1776)	6.0
(406,1795)	3.0
(406,2019)	12.0
(407,59)	3.0
(407,940)	3.0
(407,987)	3.0
(407,1246)	3.0
(407,1343)	6.0
(407,1457)	3.0
(407,1459)	6.0
(407,1470)	6.0
(407,1534)	6.0
(407,1623)	21.0
(407,1699)	3.0
(407,1759)	3.0
(407,1800)	3.0
(407,1844)	3.0
(407,1846)	9.0
(407,1909)	3.0
(407,1916)	9.0
(407,1935)	3.0
(408,941)	6.0
(408,1246)	3.0
(408,1343)	3.0
(408,1414)	3.0
(408,1415)	3.0
(408,1457)	3.0
(408,1461)	3.0
(408,1462)	10.0
(408,1463)	12.0
(408,1519)	3.0
(408,1686)	3.0
(408,1758)	19.0
(408,1778)	120.0
(408,1805)	9.0
(408,1818)	100.0
(408,1832)	9.0
(408,1837)	3.0
(408,1842)	6.0
(408,1844)	9.0
(409,456)	12.0
(409,1158)	113.0
(409,1159)	3.0
(409,1415)	3.0
(409,1427)	10.0
(409,1428)	9.0
(409,1455)	3.0
(409,1463)	6.0
(409,1465)	13.0
(409,1531)	236.0
(409,1623)	3.0
(409,1666)	6.0
(409,1673)	13.0
(409,1705)	100.0
(409,1707)	6.0
(409,1710)	9.0
(409,1711)	3.0
(409,1713)	18.0
(409,1714)	18.0
(409,1715)	3.0
(409,1716)	28.0
(409,1759)	12.0
(409,1803)	3.0
(409,1805)	3.0
(409,1832)	9.0
(409,1838)	3.0
(409,1839)	6.0
(410,397)	3.0
(410,942)	3.0
(410,1248)	3.0
(410,1249)	3.0
(410,1289)	3.0
(410,1342)	3.0
(410,1410)	9.0
(410,1411)	3.0
(410,1430)	3.0
(410,1433)	21.0
(410,1445)	3.0
(410,1455)	3.0
(410,1463)	116.0
(410,1524)	100.0
(410,1554)	3.0
(410,1623)	3.0
(410,1665)	3.0
(410,1668)	28.0
(410,1669)	3.0
(410,1674)	3.0
(410,1703)	3.0
(410,1759)	18.0
(410,1860)	3.0
(410,1911)	3.0
(411,59)	3.0
(411,455)	34.0
(411,667)	10.0
(411,1437)	13.0
(411,1451)	306.0
(411,1464)	6.0
(411,1549)	6.0
(411,1588)	3.0
(411,1667)	6.0
(411,1671)	3.0
(411,1674)	12.0
(411,1675)	100.0
(411,1695)	106.0
(411,1752)	3.0
(411,1758)	3.0
(411,1784)	3.0
(411,1788)	3.0
(411,1789)	3.0
(411,1860)	6.0
(411,2020)	10.0
(412,242)	6.0
(412,1159)	10.0
(412,1251)	6.0
(412,1252)	3.0
(412,1440)	6.0
(412,1548)	3.0
(412,1555)	6.0
(412,1665)	12.0
(412,1667)	16.0
(412,1695)	10.0
(412,1730)	3.0
(412,1832)	3.0
(412,1834)	12.0
(412,1969)	6.0
(413,445)	3.0
(413,454)	12.0
(413,944)	9.0
(413,979)	6.0
(413,1254)	3.0
(413,1294)	100.0
(413,1408)	3.0
(413,1442)	3.0
(413,1443)	9.0
(413,1531)	3.0
(413,1556)	3.0
(413,1666)	3.0
(413,1680)	19.0
(413,1695)	9.0
(413,1782)	6.0
(413,1817)	3.0
(413,1830)	10.0
(413,1833)	6.0
(413,1834)	3.0
(414,50)	6.0
(414,57)	100.0
(414,1231)	3.0
(414,1258)	10.0
(414,1406)	3.0
(414,1407)	20.0
(414,1463)	3.0
(414,1548)	3.0
(414,1680)	3.0
(414,1683)	6.0
(414,1732)	6.0
(414,1758)	6.0
(414,1835)	3.0
(414,1860)	3.0
(415,946)	12.0
(415,1047)	3.0
(415,1105)	3.0
(415,1357)	19.0
(415,1360)	3.0
(415,1377)	12.0
(415,1378)	3.0
(415,1416)	6.0
(415,1533)	6.0
(415,1666)	12.0
(415,1683)	3.0
(415,1684)	24.0
(415,1685)	3.0
(415,1758)	9.0
(415,1785)	100.0
(415,1806)	13.0
(415,1816)	13.0
(415,1836)	6.0
(416,946)	10.0
(416,1029)	6.0
(416,1320)	6.0
(416,1329)	3.0
(416,1330)	12.0
(416,1338)	3.0
(416,1339)	3.0
(416,1341)	3.0
(416,1354)	3.0
(416,1355)	19.0
(416,1356)	18.0
(416,1362)	3.0
(416,1364)	3.0
(416,1365)	6.0
(416,1366)	22.0
(416,1367)	9.0
(416,1370)	3.0
(416,1373)	13.0
(416,1375)	3.0
(416,1383)	3.0
(416,1404)	109.0
(416,1422)	3.0
(416,1547)	120.0
(416,1666)	9.0
(416,1685)	3.0
(416,1795)	25.0
(416,1796)	3.0
(416,1824)	15.0
(416,1834)	9.0
(416,1857)	3.0
(416,2019)	6.0
(417,49)	3.0
(417,71)	3.0
(417,948)	3.0
(417,1161)	3.0
(417,1263)	6.0
(417,1293)	3.0
(417,1318)	3.0
(417,1327)	6.0
(417,1331)	3.0
(417,1332)	23.0
(417,1334)	9.0
(417,1336)	3.0
(417,1348)	3.0
(417,1350)	39.0
(417,1351)	3.0
(417,1370)	3.0
(417,1373)	3.0
(417,1397)	9.0
(417,1402)	6.0
(417,1480)	6.0
(417,1686)	3.0
(417,1796)	3.0
(417,1797)	3.0
(417,1798)	6.0
(417,1800)	3.0
(417,1807)	6.0
(417,1818)	3.0
(417,1820)	12.0
(418,49)	9.0
(418,989)	6.0
(418,1259)	3.0
(418,1266)	3.0
(418,1302)	6.0
(418,1317)	3.0
(418,1535)	9.0
(418,1600)	6.0
(418,1663)	3.0
(418,1683)	3.0
(418,1695)	3.0
(418,1735)	12.0
(418,1759)	12.0
(418,1785)	100.0
(418,1817)	6.0
(418,2018)	10.0
(419,48)	3.0
(419,397)	6.0
(419,554)	6.0
(419,1304)	3.0
(419,1305)	36.0
(419,1306)	3.0
(419,1308)	6.0
(419,1309)	6.0
(419,1310)	15.0
(419,1312)	3.0
(419,1313)	16.0
(419,1346)	15.0
(419,1377)	9.0
(419,1388)	6.0
(419,1389)	6.0
(419,1390)	22.0
(419,1533)	3.0
(419,1546)	9.0
(419,1581)	3.0
(419,1666)	9.0
(419,1686)	3.0
(419,1753)	3.0
(419,1760)	9.0
(419,1832)	3.0
(419,1857)	3.0
(419,1956)	3.0
(419,2019)	3.0
(420,64)	3.0
(420,989)	223.0
(420,1296)	6.0
(420,1299)	3.0
(420,1302)	39.0
(420,1346)	18.0
(420,1392)	35.0
(420,1464)	18.0
(420,1487)	3.0
(420,1530)	3.0
(420,1545)	3.0
(420,1664)	6.0
(420,1684)	6.0
(420,1686)	13.0
(420,1799)	12.0
(420,1856)	3.0
(420,2019)	3.0
(421,56)	13.0
(421,69)	3.0
(421,70)	3.0
(421,450)	3.0
(421,663)	6.0
(421,951)	3.0
(421,990)	34.0
(421,1044)	3.0
(421,1464)	6.0
(421,1619)	3.0
(421,1661)	9.0
(421,1666)	6.0
(421,1686)	3.0
(421,1761)	3.0
(421,1839)	6.0
(421,1857)	3.0
(422,70)	3.0
(422,71)	26.0
(422,990)	9.0
(422,1257)	3.0
(422,1280)	12.0
(422,1281)	3.0
(422,1282)	6.0
(422,1283)	3.0
(422,1290)	3.0
(422,1291)	12.0
(422,1464)	3.0
(422,1544)	6.0
(422,1545)	3.0
(422,1599)	3.0
(422,1667)	9.0
(422,1736)	13.0
(422,1762)	3.0
(422,1808)	9.0
(422,1828)	6.0
(422,2021)	3.0
(423,47)	12.0
(423,70)	3.0
(423,71)	3.0
(423,674)	6.0
(423,1230)	3.0
(423,1285)	3.0
(423,1662)	6.0
(423,1668)	103.0
(423,1683)	3.0
(423,1688)	6.0
(423,1689)	30.0
(423,1690)	3.0
(423,1691)	3.0
(423,1735)	3.0
(423,1762)	3.0
(423,1782)	6.0
(423,1792)	3.0
(423,1793)	9.0
(423,1794)	15.0
(423,1812)	13.0
(423,1825)	6.0
(423,1826)	6.0
(423,1839)	12.0
(423,1849)	12.0
(423,1851)	3.0
(423,1855)	3.0
(423,2018)	6.0
(424,47)	3.0
(424,72)	3.0
(424,290)	3.0
(424,449)	9.0
(424,1041)	3.0
(424,1108)	23.0
(424,1375)	3.0
(424,1681)	3.0
(424,1735)	20.0
(424,1762)	3.0
(424,1788)	3.0
(424,1796)	3.0
(424,1800)	100.0
(424,1839)	18.0
(424,1840)	3.0
(424,1841)	3.0
(424,1842)	6.0
(424,1843)	12.0
(424,1846)	6.0
(424,1847)	3.0
(424,2018)	6.0
(424,2021)	3.0
(425,1040)	3.0
(425,1600)	3.0
(425,1601)	3.0
(425,1602)	6.0
(425,1658)	3.0
(425,1671)	3.0
(425,1787)	3.0
(425,1788)	6.0
(425,1822)	6.0
(425,1855)	6.0
(425,1856)	20.0
(425,1918)	3.0
(425,1944)	3.0
(426,560)	3.0
(426,680)	3.0
(426,683)	3.0
(426,1312)	3.0
(426,1544)	3.0
(426,1644)	3.0
(426,1671)	9.0
(426,1682)	6.0
(426,1694)	3.0
(426,1734)	6.0
(426,1835)	10.0
(426,1940)	3.0
(427,443)	3.0
(427,989)	6.0
(427,1461)	3.0
(427,1606)	3.0
(427,1694)	3.0
(427,1764)	6.0
(427,1785)	3.0
(427,1786)	3.0
(427,1792)	3.0
(427,1859)	3.0
(427,1860)	9.0
(427,1939)	6.0
(427,1940)	9.0
(428,696)	10.0
(428,919)	3.0
(428,1313)	3.0
(428,1527)	6.0
(428,1545)	3.0
(428,1572)	3.0
(428,1605)	6.0
(428,1662)	126.0
(428,1734)	3.0
(428,1872)	6.0
(428,1893)	3.0
(428,1900)	13.0
(428,1937)	3.0
(429,47)	6.0
(429,562)	3.0
(429,960)	15.0
(429,1313)	3.0
(429,1459)	13.0
(429,1687)	3.0
(429,1765)	3.0
(429,1797)	9.0
(429,1798)	3.0
(429,1863)	6.0
(429,1865)	6.0
(429,1866)	12.0
(429,1874)	6.0
(430,54)	3.0
(430,435)	6.0
(430,442)	3.0
(430,961)	3.0
(430,1259)	3.0
(430,1543)	3.0
(430,1623)	3.0
(430,1663)	6.0
(430,1717)	3.0
(430,1766)	3.0
(430,1790)	3.0
(430,1801)	6.0
(430,1903)	3.0
(430,1929)	10.0
(430,2019)	6.0
(431,251)	12.0
(431,1653)	3.0
(431,1662)	3.0
(431,1687)	13.0
(431,1688)	6.0
(431,1755)	3.0
(431,1766)	3.0
(431,1793)	6.0
(431,1795)	3.0
(431,1817)	3.0
(431,1922)	6.0
(431,1924)	9.0
(431,1925)	100.0
(432,251)	3.0
(432,1001)	3.0
(432,1569)	3.0
(432,1605)	3.0
(432,1669)	3.0
(432,1716)	3.0
(432,1838)	3.0
(432,1856)	3.0
(432,2019)	3.0
(433,52)	6.0
(433,659)	3.0
(433,1314)	9.0
(433,1315)	6.0
(433,1541)	9.0
(433,1622)	3.0
(433,1690)	3.0
(433,1734)	3.0
(433,1767)	9.0
(433,1882)	3.0
(433,1883)	13.0
(433,1920)	3.0
(433,2019)	3.0
(434,399)	3.0
(434,1003)	6.0
(434,1004)	100.0
(434,1240)	3.0
(434,1532)	15.0
(434,1623)	3.0
(434,1660)	3.0
(434,1670)	9.0
(434,1690)	6.0
(434,1712)	13.0
(434,1734)	12.0
(434,1768)	3.0
(435,513)	3.0
(435,1315)	3.0
(435,1537)	3.0
(435,1539)	3.0
(435,1660)	3.0
(435,1711)	3.0
(435,1768)	9.0
(435,1792)	55.0
(435,1825)	6.0
(435,2021)	3.0
(436,354)	100.0
(436,415)	9.0
(436,416)	3.0
(436,439)	3.0
(436,658)	23.0
(436,969)	3.0
(436,1273)	3.0
(436,1534)	10.0
(436,1620)	3.0
(436,1669)	15.0
(436,1735)	3.0
(436,1736)	3.0
(436,1826)	6.0
(436,1860)	9.0
(436,2019)	3.0
(437,47)	3.0
(437,408)	6.0
(437,412)	3.0
(437,438)	15.0
(437,1459)	19.0
(437,1568)	3.0
(437,1619)	3.0
(437,1621)	9.0
(437,1659)	12.0
(437,1669)	12.0
(437,1785)	3.0
(437,1792)	3.0
(437,1843)	3.0
(438,51)	3.0
(438,405)	6.0
(438,974)	3.0
(438,1604)	3.0
(438,1699)	6.0
(438,1785)	3.0
(438,1793)	6.0
(438,1849)	6.0
(438,1851)	3.0
(438,1860)	9.0
(439,976)	3.0
(439,1025)	3.0
(439,1161)	3.0
(439,1315)	18.0
(439,1605)	3.0
(439,1654)	3.0
(439,1669)	6.0
(439,1695)	9.0
(439,1755)	6.0
(439,1826)	10.0
(440,48)	6.0
(440,51)	3.0
(440,1011)	3.0
(440,1019)	15.0
(440,1022)	3.0
(440,1162)	3.0
(440,1315)	27.0
(440,1614)	3.0
(440,1793)	3.0
(441,1014)	3.0
(441,1315)	6.0
(441,1562)	6.0
(441,1652)	3.0
(441,1815)	9.0
(441,1853)	10.0
(441,1854)	3.0
(442,1348)	3.0
(442,1457)	12.0
(442,1553)	15.0
(442,1613)	3.0
(442,1650)	3.0
(442,1660)	3.0
(442,1661)	3.0
(442,1667)	3.0
(442,1669)	3.0
(442,1739)	9.0
(442,1793)	6.0
(442,1827)	3.0
(442,1844)	6.0
(442,1845)	3.0
(442,1855)	3.0
(443,576)	9.0
(443,1215)	6.0
(443,1263)	12.0
(443,1419)	100.0
(443,1533)	3.0
(443,1659)	6.0
(443,1663)	3.0
(443,1669)	3.0
(443,1670)	3.0
(443,1768)	3.0
(443,1793)	3.0
(443,1829)	3.0
(444,384)	210.0
(444,1263)	3.0
(444,1456)	3.0
(444,1533)	3.0
(444,1613)	3.0
(444,1659)	3.0
(444,1668)	6.0
(444,1669)	9.0
(444,1698)	3.0
(444,1703)	3.0
(444,1829)	20.0
(444,1858)	9.0
(444,1859)	6.0
(444,1861)	3.0
(444,2021)	43.0
(445,373)	9.0
(445,374)	13.0
(445,379)	6.0
(445,906)	6.0
(445,982)	3.0
(445,1002)	3.0
(445,1160)	12.0
(445,1348)	3.0
(445,1454)	3.0
(445,1532)	6.0
(445,1611)	3.0
(445,1668)	3.0
(445,1830)	3.0
(445,1844)	15.0
(446,50)	10.0
(446,52)	3.0
(446,81)	10.0
(446,264)	10.0
(446,399)	12.0
(446,578)	6.0
(446,1115)	3.0
(446,1317)	3.0
(446,1532)	10.0
(446,1563)	10.0
(446,1667)	24.0
(446,1698)	3.0
(446,1844)	16.0
(447,1263)	3.0
(447,1373)	3.0
(447,1453)	3.0
(447,1532)	3.0
(447,1612)	3.0
(447,1613)	3.0
(447,1667)	6.0
(447,1741)	6.0
(447,1756)	3.0
(447,1780)	3.0
(447,1844)	6.0
(448,283)	3.0
(448,372)	28.0
(448,983)	3.0
(448,1051)	9.0
(448,1264)	3.0
(448,1453)	9.0
(448,1644)	103.0
(448,1769)	6.0
(448,1807)	103.0
(448,1809)	3.0
(448,2023)	3.0
(449,988)	6.0
(449,1052)	3.0
(449,1053)	3.0
(449,1055)	6.0
(449,1273)	3.0
(449,1453)	6.0
(449,1666)	3.0
(449,1741)	6.0
(449,1769)	3.0
(449,1793)	10.0
(449,1824)	3.0
(449,1825)	9.0
(450,83)	6.0
(450,977)	3.0
(450,1089)	9.0
(450,1090)	18.0
(450,1265)	3.0
(450,1315)	10.0
(450,1453)	3.0
(450,1668)	100.0
(450,1770)	3.0
(450,2020)	3.0
(450,2021)	3.0
(451,652)	3.0
(451,1085)	6.0
(451,1454)	6.0
(451,1669)	6.0
(451,1670)	9.0
(451,1692)	12.0
(451,1696)	6.0
(451,1792)	3.0
(451,1826)	6.0
(452,301)	10.0
(452,652)	3.0
(452,1064)	3.0
(452,1083)	3.0
(452,1551)	3.0
(452,1613)	6.0
(452,1685)	3.0
(452,1688)	3.0
(452,1691)	12.0
(452,1694)	3.0
(452,1742)	9.0
(452,1770)	3.0
(452,1790)	9.0
(453,50)	3.0
(453,367)	6.0
(453,425)	3.0
(453,1074)	21.0
(453,1408)	10.0
(453,1672)	3.0
(453,1758)	6.0
(453,1770)	9.0
(453,1788)	3.0
(453,1789)	6.0
(453,1833)	13.0
(454,135)	3.0
(454,353)	3.0
(454,354)	3.0
(454,362)	6.0
(454,364)	3.0
(454,440)	12.0
(454,504)	3.0
(454,1070)	6.0
(454,1149)	3.0
(454,1150)	6.0
(454,1561)	19.0
(454,1672)	6.0
(454,1742)	19.0
(454,1788)	3.0
(454,1826)	16.0
(455,133)	206.0
(455,1148)	3.0
(455,1267)	3.0
(455,1457)	16.0
(455,1613)	3.0
(455,1661)	3.0
(455,1759)	9.0
(455,1787)	10.0
(456,49)	3.0
(456,87)	3.0
(456,502)	3.0
(456,655)	3.0
(456,1314)	12.0
(456,1457)	3.0
(456,1458)	3.0
(456,1671)	3.0
(456,1696)	6.0
(456,1744)	6.0
(456,1771)	3.0
(456,1777)	6.0
(456,1781)	6.0
(456,1783)	10.0
(456,1784)	9.0
(456,1787)	6.0
(456,1827)	9.0
(457,50)	3.0
(457,655)	3.0
(457,1144)	3.0
(457,1530)	3.0
(457,1606)	3.0
(457,1671)	9.0
(457,1744)	9.0
(457,1759)	9.0
(458,48)	3.0
(458,1107)	13.0
(458,1121)	3.0
(458,1123)	3.0
(458,1125)	3.0
(458,1133)	6.0
(458,1267)	6.0
(458,1278)	3.0
(458,1460)	15.0
(458,1634)	6.0
(458,1672)	9.0
(458,1696)	3.0
(458,1745)	3.0
(458,1774)	9.0
(458,1814)	3.0
(458,1837)	3.0
(458,1844)	12.0
(458,1870)	6.0
(459,48)	3.0
(459,150)	110.0
(459,987)	15.0
(459,1229)	12.0
(459,1269)	24.0
(459,1746)	12.0
(459,1828)	9.0
(459,1870)	6.0
(459,1871)	3.0
(460,51)	3.0
(460,151)	3.0
(460,650)	3.0
(460,1063)	6.0
(460,1165)	3.0
(460,1229)	3.0
(460,1461)	3.0
(460,1528)	6.0
(460,1672)	3.0
(460,1747)	3.0
(460,1829)	3.0
(460,1838)	3.0
(461,129)	6.0
(461,153)	6.0
(461,1674)	3.0
(461,1696)	6.0
(461,1747)	6.0
(461,1942)	3.0
(462,46)	3.0
(462,1672)	3.0
(462,1764)	27.0
(462,1784)	18.0
(463,46)	3.0
(463,126)	3.0
(463,157)	3.0
(463,1748)	6.0
(463,1765)	3.0
(463,1791)	3.0
(463,1813)	12.0
(464,311)	3.0
(464,1246)	3.0
(464,1247)	3.0
(464,1250)	3.0
(464,1255)	3.0
(464,1267)	3.0
(464,1461)	3.0
(464,1697)	3.0
(464,1791)	6.0
(465,1164)	30.0
(465,1218)	18.0
(465,1220)	12.0
(465,1233)	3.0
(465,1243)	6.0
(465,1749)	3.0
(465,1761)	3.0
(465,1781)	6.0
(465,1827)	10.0
(466,655)	10.0
(466,1266)	6.0
(466,1703)	3.0
(466,1770)	24.0
(466,2025)	13.0
(467,46)	3.0
(467,52)	6.0
(467,364)	6.0
(467,988)	3.0
(467,1704)	6.0
(467,1779)	3.0
(467,1792)	3.0
(467,1839)	3.0
(467,1876)	3.0
(468,163)	9.0
(468,171)	39.0
(468,172)	24.0
(468,310)	119.0
(468,982)	3.0
(468,1263)	6.0
(468,1265)	3.0
(468,1266)	6.0
(468,1617)	3.0
(468,1672)	9.0
(468,1754)	3.0
(468,1755)	27.0
(468,1756)	6.0
(469,93)	15.0
(469,276)	6.0
(469,310)	9.0
(469,1559)	3.0
(469,1751)	6.0
(469,1756)	106.0
(469,1795)	12.0
(470,120)	3.0
(470,274)	3.0
(470,1164)	13.0
(470,1262)	6.0
(470,1314)	3.0
(470,1459)	528.0
(470,1673)	3.0
(470,1721)	100.0
(470,1750)	9.0
(470,1757)	25.0
(470,1796)	113.0
(470,1826)	9.0
(471,95)	9.0
(471,1232)	3.0
(471,1314)	3.0
(471,1459)	16.0
(471,1673)	3.0
(471,1707)	6.0
(471,1712)	3.0
(471,1714)	6.0
(472,47)	3.0
(472,1262)	3.0
(472,1313)	13.0
(472,1673)	3.0
(472,1758)	9.0
(473,987)	3.0
(473,1233)	3.0
(473,1459)	265.0
(473,1619)	3.0
(473,1723)	3.0
(473,1732)	6.0
(473,1798)	6.0
(473,1839)	3.0
(474,189)	3.0
(474,1671)	3.0
(474,1707)	3.0
(474,1728)	9.0
(474,1735)	9.0
(474,1736)	3.0
(474,1759)	3.0
(474,1799)	21.0
(475,51)	3.0
(475,606)	3.0
(475,990)	3.0
(475,1309)	3.0
(475,1560)	3.0
(475,1628)	10.0
(475,1657)	6.0
(475,1658)	3.0
(475,1661)	6.0
(475,1663)	12.0
(475,1665)	22.0
(475,1670)	3.0
(475,1671)	6.0
(475,1673)	3.0
(475,1800)	6.0
(475,2033)	3.0
(476,51)	9.0
(476,653)	3.0
(476,975)	9.0
(476,1164)	200.0
(476,1262)	142.0
(476,1380)	3.0
(476,1462)	3.0
(476,1656)	9.0
(476,1667)	3.0
(476,1670)	6.0
(476,1738)	3.0
(477,47)	6.0
(477,987)	19.0
(477,1164)	9.0
(477,1262)	9.0
(477,1653)	6.0
(477,1654)	6.0
(477,1655)	12.0
(477,1669)	6.0
(477,1728)	9.0
(478,47)	3.0
(478,112)	6.0
(478,196)	10.0
(478,649)	3.0
(478,1165)	10.0
(478,1306)	3.0
(478,1651)	3.0
(478,1652)	6.0
(478,1685)	3.0
(478,1700)	3.0
(478,1705)	21.0
(478,1803)	21.0
(479,649)	3.0
(479,1166)	3.0
(479,1623)	3.0
(479,1633)	3.0
(479,1642)	3.0
(479,1649)	9.0
(479,1650)	3.0
(479,1671)	3.0
(479,1693)	15.0
(479,1694)	15.0
(479,1697)	6.0
(479,1757)	3.0
(480,110)	9.0
(480,197)	3.0
(480,507)	6.0
(480,655)	31.0
(480,1261)	3.0
(480,1305)	6.0
(480,1349)	20.0
(480,1630)	6.0
(480,1632)	6.0
(480,1636)	12.0
(480,1637)	6.0
(480,1639)	3.0
(480,1641)	3.0
(480,1643)	9.0
(480,1644)	42.0
(480,1647)	6.0
(480,1675)	3.0
(480,1690)	3.0
(480,1691)	3.0
(480,1697)	22.0
(480,1736)	3.0
(480,1805)	12.0
(480,1834)	3.0
(481,1628)	3.0
(481,1676)	3.0
(481,1774)	6.0
(482,107)	126.0
(482,649)	138.0
(482,1560)	6.0
(482,1678)	21.0
(482,1679)	3.0
(483,1464)	3.0
(483,1678)	9.0
(483,1808)	3.0
(483,1827)	3.0
(483,1833)	3.0
(484,989)	3.0
(484,1242)	3.0
(484,1287)	3.0
(484,1288)	3.0
(484,1350)	3.0
(484,1624)	6.0
(484,1808)	3.0
(484,2034)	3.0
(485,47)	3.0
(485,402)	9.0
(485,1167)	6.0
(485,1675)	6.0
(485,1830)	3.0
(485,2035)	3.0
(486,47)	6.0
(486,102)	3.0
(486,634)	3.0
(486,1167)	3.0
(486,1243)	3.0
(486,1466)	3.0
(486,1775)	100.0
(486,1811)	3.0
(487,47)	18.0
(487,92)	3.0
(487,100)	6.0
(487,1283)	9.0
(487,1297)	9.0
(487,1300)	3.0
(487,1351)	3.0
(487,1466)	3.0
(487,1616)	3.0
(487,1832)	206.0
(487,1833)	3.0
(488,47)	9.0
(488,96)	3.0
(488,301)	120.0
(488,1168)	3.0
(488,1561)	12.0
(488,1621)	3.0
(488,1668)	6.0
(488,1698)	3.0
(488,1812)	12.0
(489,47)	13.0
(489,210)	10.0
(489,301)	119.0
(489,972)	3.0
(489,1008)	3.0
(489,1607)	3.0
(489,1609)	3.0
(489,1610)	3.0
(489,1616)	3.0
(489,1668)	3.0
(489,1835)	3.0
(489,1836)	6.0
(489,1943)	3.0
(490,47)	3.0
(490,212)	18.0
(490,214)	6.0
(490,1282)	13.0
(490,1306)	6.0
(490,1351)	3.0
(490,1616)	12.0
(490,1621)	3.0
(490,1682)	3.0
(490,1708)	3.0
(490,1734)	21.0
(490,1818)	6.0
(490,1942)	3.0
(491,88)	6.0
(491,396)	106.0
(491,1261)	3.0
(491,1306)	12.0
(491,1709)	15.0
(491,1836)	6.0
(492,47)	18.0
(492,215)	30.0
(492,221)	13.0
(492,1009)	3.0
(492,1089)	18.0
(492,1266)	6.0
(492,1307)	12.0
(492,1351)	3.0
(492,1614)	29.0
(492,1618)	3.0
(492,1679)	15.0
(492,1680)	10.0
(492,1685)	3.0
(492,1709)	3.0
(492,1740)	10.0
(492,1836)	3.0
(493,47)	18.0
(493,51)	3.0
(493,86)	6.0
(493,105)	6.0
(493,147)	3.0
(493,158)	9.0
(493,856)	12.0
(493,988)	3.0
(493,1688)	3.0
(493,1695)	9.0
(493,1707)	15.0
(493,1708)	3.0
(493,1741)	3.0
(493,1754)	3.0
(494,47)	15.0
(494,51)	6.0
(494,80)	12.0
(494,146)	3.0
(494,232)	6.0
(494,387)	16.0
(494,860)	10.0
(494,1309)	9.0
(494,1560)	3.0
(494,1612)	3.0
(494,1617)	3.0
(494,1752)	3.0
(494,1837)	3.0
(495,34)	3.0
(495,47)	6.0
(495,94)	3.0
(495,121)	6.0
(495,124)	6.0
(495,654)	3.0
(495,861)	3.0
(495,1166)	15.0
(495,1268)	9.0
(495,1310)	9.0
(495,1311)	6.0
(495,1839)	6.0
(496,39)	3.0
(496,655)	16.0
(496,973)	3.0
(496,988)	3.0
(496,1311)	3.0
(496,1744)	3.0
(496,1753)	3.0
(496,1821)	3.0
(497,50)	3.0
(497,54)	3.0
(497,58)	106.0
(497,60)	3.0
(497,161)	3.0
(497,236)	109.0
(497,974)	3.0
(497,1168)	3.0
(497,1468)	15.0
(497,1613)	9.0
(498,42)	6.0
(498,43)	109.0
(498,50)	6.0
(498,517)	6.0
(498,985)	3.0
(498,1245)	3.0
(498,1468)	12.0
(498,1663)	3.0
(498,1680)	3.0
(498,1705)	118.0
(498,1752)	109.0
(498,1823)	3.0
(499,44)	3.0
(499,46)	3.0
(499,90)	10.0
(499,240)	3.0
(499,1101)	3.0
(499,1172)	3.0
(499,1654)	3.0
(499,1762)	15.0
(500,88)	3.0
(500,92)	10.0
(500,262)	3.0
(500,359)	3.0
(500,364)	9.0
(500,366)	15.0
(500,974)	3.0
(500,984)	3.0
(500,1680)	12.0
(500,1681)	6.0
(500,1837)	15.0
(500,2041)	100.0
(501,44)	13.0
(501,50)	3.0
(501,51)	6.0
(501,166)	3.0
(501,353)	3.0
(501,354)	3.0
(501,357)	9.0
(501,974)	9.0
(501,986)	12.0
(501,1174)	3.0
(501,1633)	3.0
(501,1634)	9.0
(501,1681)	3.0
(501,1716)	3.0
(501,1761)	6.0
(501,1838)	6.0
(502,44)	6.0
(502,52)	6.0
(502,92)	9.0
(502,660)	3.0
(502,1569)	3.0
(502,1612)	3.0
(502,1661)	3.0
(502,1682)	6.0
(502,1751)	3.0
(503,51)	3.0
(503,78)	10.0
(503,975)	3.0
(503,1244)	3.0
(503,1317)	6.0
(503,1318)	12.0
(503,1354)	3.0
(503,1571)	9.0
(503,1682)	3.0
(503,1718)	10.0
(503,1725)	3.0
(503,1758)	6.0
(504,249)	12.0
(504,257)	3.0
(504,297)	3.0
(504,1277)	12.0
(504,1313)	6.0
(504,1318)	15.0
(504,1720)	3.0
(504,1743)	3.0
(505,80)	3.0
(505,324)	6.0
(505,338)	6.0
(505,341)	3.0
(505,986)	3.0
(505,1314)	6.0
(505,1683)	3.0
(505,1720)	3.0
(505,1740)	10.0
(505,1741)	3.0
(505,1820)	9.0
(506,55)	3.0
(506,175)	6.0
(506,317)	19.0
(506,318)	15.0
(506,986)	3.0
(506,1320)	9.0
(506,1321)	3.0
(506,1327)	13.0
(506,1607)	3.0
(506,1685)	3.0
(506,1724)	6.0
(506,1754)	3.0
(506,1755)	3.0
(506,1819)	3.0
(506,1841)	3.0
(507,45)	27.0
(507,73)	31.0
(507,514)	29.0
(507,1328)	3.0
(507,1467)	13.0
(507,1575)	6.0
(507,1622)	3.0
(507,1653)	100.0
(507,1685)	3.0
(507,1726)	3.0
(507,1740)	3.0
(507,1752)	3.0
(507,1753)	3.0
(508,45)	3.0
(508,58)	3.0
(508,654)	3.0
(508,974)	6.0
(508,1184)	3.0
(508,1496)	3.0
(508,1727)	3.0
(508,1840)	9.0
(509,46)	12.0
(509,54)	10.0
(509,654)	45.0
(509,663)	6.0
(509,987)	10.0
(509,1185)	3.0
(509,1467)	3.0
(509,1641)	6.0
(509,1685)	6.0
(509,1688)	3.0
(509,1698)	6.0
(509,1749)	3.0
(509,1812)	3.0
(509,1818)	3.0
(509,1840)	9.0
(510,55)	15.0
(510,1275)	6.0
(510,1689)	3.0
(510,1692)	3.0
(510,1695)	3.0
(510,1747)	6.0
(510,1774)	3.0
(510,1818)	3.0
(510,1841)	100.0
(511,56)	3.0
(511,66)	9.0
(511,353)	6.0
(511,989)	12.0
(511,1498)	3.0
(511,1577)	6.0
(511,1689)	3.0
(511,1690)	9.0
(511,1692)	3.0
(511,1693)	3.0
(511,1731)	100.0
(511,1746)	3.0
(511,1815)	6.0
(511,1841)	6.0
(512,45)	22.0
(512,57)	29.0
(512,66)	3.0
(512,1695)	3.0
(512,1741)	3.0
(512,1742)	3.0
(512,1796)	3.0
(512,1841)	10.0
(513,58)	3.0
(513,1353)	3.0
(513,1623)	3.0
(513,1685)	3.0
(513,1686)	109.0
(513,1690)	100.0
(513,1696)	12.0
(514,302)	6.0
(514,991)	100.0
(514,1687)	3.0
(514,1701)	6.0
(514,1703)	6.0
(514,1735)	3.0
(514,1800)	3.0
(514,1842)	3.0
(514,1870)	6.0
(515,59)	12.0
(515,487)	9.0
(515,514)	3.0
(515,973)	3.0
(515,1163)	19.0
(515,1648)	6.0
(515,1686)	18.0
(515,1842)	12.0
(516,59)	3.0
(516,194)	20.0
(516,1074)	6.0
(516,1706)	100.0
(516,1843)	16.0
(517,60)	6.0
(517,288)	3.0
(517,1164)	3.0
(517,1334)	6.0
(517,1335)	3.0
(517,1466)	3.0
(517,1489)	3.0
(517,1624)	3.0
(517,1634)	3.0
(517,1686)	6.0
(517,1734)	3.0
(517,1866)	3.0
(518,1273)	6.0
(518,1329)	3.0
(518,1625)	12.0
(518,1634)	3.0
(518,1707)	15.0
(518,1709)	3.0
(518,1760)	6.0
(518,1773)	9.0
(519,45)	6.0
(519,1652)	6.0
(519,1774)	3.0
(519,1845)	15.0
(520,45)	6.0
(520,197)	13.0
(520,222)	20.0
(520,1355)	3.0
(520,1710)	3.0
(520,1774)	3.0
(520,1789)	3.0
(521,1575)	3.0
(521,1653)	6.0
(521,1741)	3.0
(521,1742)	12.0
(521,1788)	3.0
(522,45)	12.0
(522,655)	10.0
(522,1354)	3.0
(522,1595)	3.0
(522,1687)	3.0
(522,1783)	3.0
(522,1784)	6.0
(522,1847)	6.0
(522,2047)	3.0
(523,212)	9.0
(523,652)	15.0
(523,1317)	3.0
(523,1466)	3.0
(523,1712)	3.0
(523,1743)	3.0
(523,1848)	3.0
(524,203)	3.0
(524,204)	3.0
(524,974)	6.0
(524,1353)	3.0
(524,1713)	3.0
(524,1743)	16.0
(524,1782)	6.0
(524,1849)	15.0
(525,366)	3.0
(525,1271)	6.0
(525,1353)	3.0
(525,1438)	6.0
(525,1657)	6.0
(525,1860)	6.0
(526,45)	10.0
(526,58)	9.0
(526,260)	22.0
(526,476)	3.0
(526,886)	3.0
(526,974)	6.0
(526,990)	9.0
(526,1332)	12.0
(526,1635)	3.0
(526,1780)	3.0
(526,1781)	9.0
(527,339)	20.0
(527,990)	16.0
(527,1476)	3.0
(527,1477)	3.0
(527,1657)	25.0
(527,1684)	3.0
(527,1743)	3.0
(527,1856)	3.0
(528,340)	10.0
(528,413)	3.0
(528,1122)	10.0
(528,1573)	16.0
(528,1657)	3.0
(529,56)	3.0
(529,57)	6.0
(529,88)	6.0
(529,658)	13.0
(529,660)	3.0
(529,745)	3.0
(529,1066)	12.0
(529,1123)	210.0
(529,1333)	3.0
(529,1465)	6.0
(529,1573)	6.0
(529,1574)	3.0
(529,1583)	3.0
(529,1717)	6.0
(529,1743)	3.0
(530,238)	3.0
(530,653)	13.0
(530,998)	10.0
(530,1269)	6.0
(530,1625)	3.0
(530,1717)	109.0
(530,1759)	9.0
(530,1763)	3.0
(530,1766)	6.0
(530,1770)	6.0
(531,240)	10.0
(531,1269)	3.0
(531,1639)	3.0
(531,1659)	3.0
(531,1676)	12.0
(531,1677)	3.0
(531,1681)	6.0
(531,1718)	3.0
(531,1745)	3.0
(532,55)	6.0
(532,243)	13.0
(532,1350)	9.0
(532,1661)	6.0
(532,1674)	15.0
(532,1718)	3.0
(532,1748)	3.0
(532,1752)	3.0
(532,1755)	3.0
(533,265)	3.0
(533,1001)	9.0
(533,1063)	3.0
(533,1623)	3.0
(533,1731)	12.0
(533,1744)	3.0
(533,1754)	6.0
(534,47)	9.0
(534,55)	6.0
(534,262)	3.0
(534,1163)	3.0
(534,1164)	3.0
(534,1728)	100.0
(534,1729)	3.0
(534,1744)	3.0
(535,253)	26.0
(535,259)	15.0
(535,1004)	6.0
(535,1422)	3.0
(535,1622)	6.0
(535,1718)	3.0
(535,1735)	9.0
(535,1741)	20.0
(536,56)	15.0
(536,413)	9.0
(536,1158)	10.0
(536,1177)	3.0
(536,1735)	3.0
(536,1861)	13.0
(537,47)	12.0
(537,1633)	6.0
(537,1717)	3.0
(537,1771)	15.0
(538,46)	12.0
(538,1024)	233.0
(538,1417)	3.0
(538,1622)	130.0
(538,1632)	3.0
(538,1717)	3.0
(538,1718)	3.0
(538,1773)	3.0
(539,988)	10.0
(539,1156)	110.0
(539,1485)	9.0
(539,1658)	6.0
(539,1739)	6.0
(539,1767)	3.0
(539,1820)	9.0
(540,44)	3.0
(540,45)	13.0
(540,88)	6.0
(540,340)	6.0
(540,341)	3.0
(540,1079)	3.0
(540,1468)	3.0
(540,1719)	3.0
(541,651)	3.0
(541,1061)	3.0
(541,1070)	3.0
(541,1071)	3.0
(541,1309)	3.0
(541,1424)	3.0
(541,1469)	18.0
(541,1619)	3.0
(541,1668)	3.0
(541,1669)	6.0
(541,1673)	3.0
(541,1718)	3.0
(541,1862)	3.0
(542,56)	9.0
(542,335)	3.0
(542,453)	3.0
(542,665)	3.0
(542,1304)	3.0
(542,1337)	3.0
(542,1470)	3.0
(542,1484)	6.0
(542,1620)	3.0
(542,1737)	3.0
(542,1770)	6.0
(543,43)	6.0
(543,449)	100.0
(543,977)	6.0
(543,1072)	3.0
(543,1073)	13.0
(543,1470)	3.0
(543,1576)	3.0
(543,1767)	3.0
(543,1839)	3.0
(544,43)	6.0
(544,53)	6.0
(544,650)	3.0
(544,1047)	3.0
(544,1653)	3.0
(544,1670)	3.0
(544,1717)	6.0
(544,1767)	36.0
(545,666)	43.0
(545,770)	3.0
(545,1138)	3.0
(545,1264)	3.0
(545,1821)	3.0
(546,55)	6.0
(546,56)	15.0
(546,649)	3.0
(546,1342)	10.0
(546,1349)	42.0
(546,1473)	3.0
(546,1657)	3.0
(546,1658)	6.0
(546,1715)	3.0
(546,1716)	3.0
(546,1767)	3.0
(547,55)	3.0
(547,359)	6.0
(547,1057)	3.0
(547,1343)	3.0
(547,1353)	3.0
(547,1356)	6.0
(547,1484)	3.0
(547,1624)	3.0
(547,1715)	3.0
(548,54)	3.0
(548,424)	10.0
(548,976)	9.0
(548,1130)	3.0
(548,1303)	3.0
(548,1475)	3.0
(548,1666)	3.0
(548,1768)	3.0
(548,1769)	13.0
(548,1863)	3.0
(549,43)	6.0
(549,362)	6.0
(549,1344)	6.0
(549,1475)	3.0
(549,1653)	3.0
(549,1666)	3.0
(549,1686)	6.0
(550,1095)	3.0
(550,1194)	3.0
(550,1241)	3.0
(550,1346)	9.0
(550,1475)	3.0
(550,1653)	3.0
(550,1715)	3.0
(551,1409)	3.0
(551,1652)	15.0
(551,1828)	3.0
(552,42)	3.0
(552,51)	6.0
(552,991)	6.0
(552,1196)	3.0
(552,1348)	10.0
(552,1624)	3.0
(552,1711)	32.0
(552,1712)	12.0
(552,1822)	3.0
(553,1127)	6.0
(553,1471)	3.0
(553,1691)	3.0
(553,1769)	3.0
(554,41)	6.0
(555,201)	3.0
(555,670)	3.0
(555,1301)	3.0
(555,1304)	6.0
(555,1373)	9.0
(555,1709)	19.0
(555,1710)	6.0
(556,40)	10.0
(556,48)	3.0
(556,323)	6.0
(556,1376)	3.0
(556,1470)	3.0
(556,1484)	6.0
(556,1624)	3.0
(556,1656)	6.0
(557,48)	3.0
(557,645)	3.0
(557,991)	12.0
(557,1197)	3.0
(557,1230)	3.0
(557,1262)	3.0
(557,1624)	3.0
(557,1695)	3.0
(557,1710)	3.0
(558,1195)	3.0
(558,1232)	6.0
(558,1468)	9.0
(558,1485)	10.0
(558,1709)	3.0
(559,375)	3.0
(559,1382)	21.0
(559,1655)	6.0
(559,1701)	3.0
(560,671)	3.0
(560,1120)	3.0
(560,1383)	3.0
(560,1483)	3.0
(560,1487)	9.0
(560,1655)	3.0
(560,1711)	3.0
(560,1770)	16.0
(561,40)	10.0
(561,273)	9.0
(561,287)	6.0
(561,1267)	3.0
(561,1402)	3.0
(561,1623)	3.0
(561,1625)	3.0
(562,272)	3.0
(562,1158)	16.0
(562,1388)	3.0
(562,1403)	6.0
(562,1404)	3.0
(562,1696)	3.0
(563,29)	12.0
(563,1112)	13.0
(563,1309)	3.0
(563,1389)	6.0
(563,1395)	10.0
(563,1404)	3.0
(563,1491)	9.0
(563,1865)	3.0
(564,241)	100.0
(564,248)	12.0
(564,268)	3.0
(564,641)	9.0
(564,1309)	9.0
(565,55)	9.0
(565,641)	9.0
(565,642)	13.0
(565,1113)	6.0
(565,1118)	3.0
(565,1391)	3.0
(565,1492)	3.0
(565,1696)	3.0
(566,31)	3.0
(566,38)	103.0
(566,641)	16.0
(566,1468)	3.0
(566,1492)	3.0
(566,1630)	6.0
(566,1714)	9.0
(567,32)	20.0
(567,46)	6.0
(567,223)	130.0
(567,641)	3.0
(567,1465)	6.0
(567,1466)	3.0
(567,1493)	103.0
(567,1697)	6.0
(567,1716)	3.0
(567,1770)	3.0
(568,1297)	3.0
(568,1298)	6.0
(568,1385)	3.0
(568,1404)	100.0
(568,1453)	3.0
(569,34)	3.0
(569,1110)	9.0
(569,1112)	9.0
(569,1455)	3.0
(569,1471)	30.0
(569,1697)	6.0
(569,1865)	3.0
(570,34)	3.0
(570,37)	9.0
(570,1270)	3.0
(570,1288)	3.0
(570,1458)	3.0
(570,1460)	3.0
(571,1270)	3.0
(571,1405)	3.0
(572,36)	3.0
(572,45)	3.0
(572,977)	3.0
(572,1111)	3.0
(572,1285)	6.0
(572,1722)	3.0
(573,36)	3.0
(573,1110)	3.0
(573,1130)	3.0
(573,1284)	113.0
(573,1605)	3.0
(573,1773)	3.0
(574,44)	3.0
(574,511)	3.0
(574,638)	110.0
(574,1309)	3.0
(574,1695)	16.0
(574,1862)	3.0
(575,36)	3.0
(575,382)	3.0
(575,755)	3.0
(575,1320)	3.0
(575,1500)	6.0
(575,1595)	6.0
(575,1638)	3.0
(575,1642)	3.0
(576,1109)	3.0
(576,1416)	6.0
(576,1503)	3.0
(576,1601)	6.0
(576,1645)	3.0
(576,1774)	12.0
(577,35)	9.0
(577,1419)	3.0
(577,1864)	3.0
(578,1309)	3.0
(578,1374)	3.0
(579,37)	3.0
(579,38)	3.0
(579,39)	3.0
(579,41)	13.0
(579,52)	10.0
(579,1513)	3.0
(579,1692)	3.0
(579,1773)	129.0
(580,1285)	3.0
(580,1286)	3.0
(580,1294)	3.0
(580,1307)	3.0
(580,1323)	23.0
(580,1324)	3.0
(580,1325)	6.0
(580,1694)	10.0
(580,1695)	6.0
(581,45)	109.0
(581,1107)	12.0
(581,1513)	6.0
(581,1592)	3.0
(581,1628)	3.0
(581,1642)	3.0
(581,1650)	3.0
(581,1652)	10.0
(581,1694)	6.0
(582,44)	18.0
(582,49)	3.0
(582,993)	3.0
(582,1236)	3.0
(582,1328)	6.0
(582,1725)	3.0
(583,43)	3.0
(583,44)	3.0
(583,47)	6.0
(583,641)	3.0
(583,1106)	6.0
(583,1316)	3.0
(583,1318)	6.0
(583,1774)	3.0
(584,679)	9.0
(584,994)	3.0
(584,1332)	3.0
(584,1696)	109.0
(584,1774)	3.0
(585,300)	6.0
(585,1105)	13.0
(585,1424)	18.0
(585,1698)	6.0
(586,1447)	6.0
(587,680)	3.0
(587,1584)	3.0
(587,1768)	6.0
(587,1811)	100.0
(588,1318)	12.0
(588,1664)	3.0
(588,1778)	3.0
(589,40)	3.0
(589,1642)	3.0
(589,1768)	3.0
(590,40)	3.0
(590,1025)	3.0
(590,1027)	3.0
(590,1446)	15.0
(591,185)	10.0
(591,532)	3.0
(591,999)	3.0
(591,1666)	3.0
(592,901)	9.0
(592,1446)	3.0
(592,1641)	3.0
(593,36)	22.0
(593,1634)	9.0
(593,1701)	6.0
(594,36)	12.0
(594,630)	6.0
(594,1002)	10.0
(594,1022)	12.0
(594,1236)	3.0
(594,1296)	3.0
(594,1579)	6.0
(594,1778)	3.0
(595,28)	3.0
(595,36)	6.0
(596,28)	3.0
(596,35)	3.0
(596,503)	3.0
(596,889)	100.0
(596,1781)	3.0
(597,28)	3.0
(597,503)	3.0
(597,1301)	3.0
(597,1445)	3.0
(597,1703)	6.0
(597,1704)	3.0
(597,1781)	13.0
(597,1803)	3.0
(598,34)	100.0
(598,37)	103.0
(598,527)	103.0
(598,535)	3.0
(598,692)	13.0
(598,855)	6.0
(598,857)	3.0
(598,891)	10.0
(598,1321)	6.0
(598,1445)	9.0
(598,1793)	3.0
(599,28)	3.0
(599,1002)	9.0
(599,1433)	3.0
(599,1521)	6.0
(599,1671)	6.0
(600,28)	6.0
(600,34)	3.0
(600,536)	3.0
(600,682)	6.0
(600,694)	6.0
(600,868)	3.0
(600,1434)	6.0
(600,1445)	3.0
(600,1574)	3.0
(600,1693)	6.0
(600,1694)	3.0
(600,1762)	3.0
(601,537)	100.0
(601,701)	3.0
(601,927)	16.0
(601,1764)	6.0
(601,1783)	3.0
(601,1792)	6.0
(602,27)	3.0
(602,314)	3.0
(602,658)	3.0
(602,661)	3.0
(602,663)	6.0
(602,1761)	3.0
(603,643)	3.0
(603,847)	3.0
(603,1153)	3.0
(603,1761)	3.0
(603,1762)	3.0
(603,1789)	12.0
(604,26)	6.0
(604,490)	13.0
(604,1691)	3.0
(604,1859)	3.0
(605,25)	6.0
(605,53)	3.0
(605,149)	3.0
(605,318)	3.0
(605,666)	10.0
(605,1699)	3.0
(606,34)	3.0
(606,163)	3.0
(606,380)	9.0
(606,1446)	3.0
(606,1786)	27.0
(607,163)	3.0
(607,273)	3.0
(607,546)	3.0
(607,547)	3.0
(607,1374)	10.0
(607,1435)	3.0
(607,1781)	3.0
(607,1861)	12.0
(608,548)	6.0
(608,677)	6.0
(609,5)	3.0
(609,6)	10.0
(609,1444)	3.0
(609,1532)	100.0
(609,1696)	6.0
(609,1783)	3.0
(610,8)	9.0
(610,9)	10.0
(610,1456)	3.0
(610,1757)	6.0
(610,1783)	3.0
(610,1786)	3.0
(611,1539)	3.0
(612,9)	6.0
(612,55)	36.0
(612,88)	3.0
(612,331)	3.0
(612,332)	3.0
(612,554)	3.0
(612,1205)	3.0
(613,10)	12.0
(613,34)	9.0
(613,1005)	13.0
(613,1543)	113.0
(613,1695)	9.0
(613,1783)	3.0
(614,384)	3.0
(614,1448)	3.0
(614,1545)	3.0
(614,1828)	6.0
(615,558)	12.0
(615,937)	320.0
(615,1154)	3.0
(615,1419)	3.0
(615,1778)	15.0
(615,1784)	3.0
(616,12)	6.0
(616,1420)	6.0
(617,342)	10.0
(617,635)	100.0
(617,1154)	3.0
(617,1577)	3.0
(618,88)	3.0
(618,1378)	3.0
(618,1475)	3.0
(619,564)	3.0
(619,1097)	6.0
(619,1424)	3.0
(619,1700)	3.0
(619,1854)	3.0
(620,34)	6.0
(620,89)	3.0
(620,1646)	3.0
(621,1519)	3.0
(622,630)	3.0
(622,1094)	10.0
(622,1324)	3.0
(622,1871)	3.0
(622,1872)	23.0
(623,84)	3.0
(623,697)	100.0
(623,797)	3.0
(623,1515)	9.0
(623,1637)	3.0
(624,10)	3.0
(624,33)	3.0
(624,56)	6.0
(624,345)	3.0
(624,570)	10.0
(624,1358)	3.0
(625,13)	3.0
(625,14)	16.0
(625,33)	10.0
(626,16)	6.0
(626,56)	3.0
(626,1442)	15.0
(626,1510)	6.0
(626,1540)	3.0
(627,1567)	13.0
(627,1568)	3.0
(628,20)	16.0
(628,1482)	3.0
(628,1791)	112.0
(629,23)	6.0
(629,55)	3.0
(630,25)	6.0
(630,1553)	3.0
(630,1561)	6.0
(630,1564)	12.0
(631,7)	6.0
(631,26)	12.0
(631,27)	3.0
(631,29)	9.0
(631,30)	13.0
(631,35)	3.0
(631,802)	6.0
(631,967)	3.0
(631,1321)	6.0
(631,1442)	100.0
(631,1477)	3.0
(631,1478)	6.0
(631,1560)	19.0
(632,581)	10.0
(632,1320)	3.0
(632,1473)	3.0
(632,1634)	15.0
(632,1703)	16.0
(633,482)	3.0
(633,1320)	10.0
(633,1387)	13.0
(633,1475)	3.0
(634,8)	6.0
(634,33)	13.0
(634,38)	3.0
(634,40)	6.0
(634,63)	6.0
(634,1361)	3.0
(634,1875)	3.0
(635,7)	3.0
(635,1645)	3.0
(635,1792)	100.0
(636,44)	3.0
(636,55)	9.0
(636,586)	3.0
(636,807)	3.0
(636,1007)	3.0
(636,1088)	3.0
(636,1498)	3.0
(636,1571)	6.0
(636,1703)	3.0
(636,1784)	100.0
(637,7)	3.0
(637,36)	12.0
(637,46)	9.0
(637,473)	3.0
(637,711)	3.0
(637,1084)	10.0
(637,1319)	3.0
(637,1554)	109.0
(637,1647)	3.0
(637,1703)	115.0
(638,6)	3.0
(638,36)	3.0
(638,1444)	3.0
(638,1796)	6.0
(639,6)	3.0
(639,395)	3.0
(639,1572)	13.0
(640,27)	6.0
(640,36)	3.0
(640,54)	3.0
(640,55)	6.0
(640,631)	3.0
(640,713)	3.0
(640,1460)	3.0
(641,26)	3.0
(641,50)	6.0
(641,597)	129.0
(641,599)	3.0
(641,631)	20.0
(641,813)	6.0
(641,1575)	3.0
(642,1087)	13.0
(642,1577)	6.0
(642,1783)	10.0
(643,25)	6.0
(643,614)	6.0
(643,1321)	3.0
(643,1464)	113.0
(643,1465)	3.0
(643,1596)	9.0
(643,1722)	3.0
(644,1322)	3.0
(644,1447)	6.0
(644,1465)	16.0
(644,1655)	6.0
(645,376)	9.0
(645,627)	23.0
(645,1095)	3.0
(645,1447)	3.0
(645,1467)	6.0
(645,1705)	3.0
(646,21)	3.0
(646,399)	6.0
(646,1323)	6.0
(646,1359)	3.0
(646,1468)	12.0
(646,1601)	15.0
(647,7)	106.0
(647,21)	3.0
(647,384)	3.0
(647,638)	6.0
(647,1168)	3.0
(647,1324)	3.0
(647,1470)	3.0
(647,1709)	100.0
(648,8)	13.0
(648,18)	3.0
(648,33)	3.0
(648,1031)	3.0
(648,1170)	3.0
(648,1173)	3.0
(648,1325)	6.0
(648,1612)	3.0
(648,1892)	3.0
(649,629)	3.0
(649,1326)	3.0
(649,1452)	3.0
(649,1472)	3.0
(649,1558)	3.0
(650,394)	6.0
(650,1473)	3.0
(650,1889)	3.0
(651,8)	28.0
(651,15)	3.0
(651,486)	3.0
(651,1327)	6.0
(651,1473)	10.0
(652,643)	3.0
(653,8)	6.0
(653,32)	3.0
(653,1341)	100.0
(653,1474)	6.0
(653,1609)	6.0
(653,1612)	3.0
(653,1652)	10.0
(653,1704)	3.0
(654,58)	10.0
(654,1083)	3.0
(654,1084)	3.0
(654,1344)	3.0
(654,1450)	3.0
(654,1621)	3.0
(655,1328)	3.0
(655,1345)	3.0
(655,1408)	3.0
(656,8)	9.0
(656,357)	3.0
(656,1329)	3.0
(656,1448)	9.0
(656,1475)	3.0
(657,1200)	20.0
(657,1330)	6.0
(658,1788)	3.0
(659,32)	9.0
(659,1446)	3.0
(659,1705)	3.0
(660,1558)	3.0
(660,1559)	19.0
(660,1612)	6.0
(661,480)	3.0
(661,1332)	28.0
(662,32)	16.0
(662,635)	6.0
(662,1107)	3.0
(663,726)	6.0
(663,1014)	6.0
(663,1178)	3.0
(664,635)	130.0
(664,1446)	9.0
(665,663)	3.0
(665,664)	12.0
(665,1480)	6.0
(666,638)	6.0
(666,1446)	3.0
(667,1446)	3.0
(668,32)	6.0
(668,1334)	10.0
(668,1446)	9.0
(669,32)	9.0
(669,1334)	3.0
(669,1446)	6.0
(670,17)	6.0
(670,33)	3.0
(670,57)	6.0
(671,669)	6.0
(672,23)	9.0
(672,34)	12.0
(672,1014)	3.0
(673,1707)	15.0
(674,57)	3.0
(674,1446)	3.0
(674,1482)	9.0
(675,13)	103.0
(675,31)	3.0
(675,57)	6.0
(675,673)	10.0
(675,674)	3.0
(675,1338)	3.0
(675,1483)	12.0
(675,1706)	3.0
(675,1854)	3.0
(675,1855)	100.0
(676,32)	6.0
(676,34)	3.0
(676,1017)	3.0
(676,1483)	3.0
(677,37)	36.0
(677,39)	3.0
(677,42)	3.0
(677,485)	13.0
(677,1484)	3.0
(677,1901)	9.0
(678,14)	9.0
(678,37)	10.0
(678,42)	3.0
(678,678)	3.0
(678,1014)	3.0
(678,1019)	3.0
(679,1010)	13.0
(679,1014)	3.0
(679,1340)	3.0
(679,1792)	6.0
(680,477)	3.0
(680,493)	3.0
(680,1008)	10.0
(680,1702)	6.0
(680,1792)	6.0
(681,494)	3.0
(681,1007)	6.0
(681,1655)	10.0
(681,1702)	3.0
(682,869)	3.0
(682,1214)	9.0
(682,1444)	6.0
(682,1486)	12.0
(683,1653)	3.0
(684,16)	3.0
(684,44)	3.0
(684,870)	3.0
(684,1443)	3.0
(684,1630)	100.0
(685,16)	9.0
(685,1632)	3.0
(685,1633)	3.0
(685,1639)	3.0
(685,1655)	6.0
(685,1659)	3.0
(685,1703)	3.0
(686,17)	6.0
(686,671)	3.0
(686,713)	12.0
(686,872)	10.0
(686,1029)	3.0
(686,1650)	9.0
(686,1672)	3.0
(687,873)	3.0
(687,1633)	9.0
(687,1634)	15.0
(687,1650)	9.0
(687,1901)	3.0
(688,1442)	3.0
(688,1646)	9.0
(688,1648)	9.0
(688,1656)	126.0
(688,1702)	3.0
(688,1793)	23.0
(689,980)	10.0
(690,46)	9.0
(690,687)	10.0
(690,1488)	12.0
(690,1540)	6.0
(690,1705)	3.0
(691,1648)	18.0
(691,1653)	3.0
(692,20)	3.0
(692,57)	3.0
(692,1035)	9.0
(692,1540)	3.0
(692,1662)	6.0
(692,1901)	3.0
(693,21)	3.0
(693,48)	3.0
(693,1706)	430.0
(693,1792)	6.0
(694,22)	10.0
(694,48)	3.0
(694,1074)	3.0
(694,1221)	16.0
(694,1662)	3.